1744902132.6006770134 4.5408496587770622391e-05 -0.00012249975433145003992 -0.00024812133754988882932
1744902132.7006800175 -0.014039275981516559366 -0.012299487228386725771 -0.16051313117150625698
1744902132.800620079 0.0019470558585491378693 -0.0093983721101161439571 -0.14327372248968806012
1744902132.900605917 -0.00075629421096421714423 -0.024802379225355671022 -0.15672441173221365873
1744902133.0006148815 -0.0010521970485843348472 -0.018193106404176147967 -0.14954692297045438232
1744902133.1006150246 -0.0022324486985140792016 -0.01500978871442179563 -0.14480546708787342403
1744902133.2006289959 -0.00045752387913630763322 0.0053286889957304380341 -0.13967195703148974073
1744902133.3006079197 -0.001290070708438976468 0.035329574650967303373 -0.13342577817920536765
1744902133.4006121159 -0.00065196289118182697286 0.064223915081594057375 -0.13045847615787861673
1744902133.5008349419 -0.0059306593394603292213 0.10087803761026636895 -0.12047610893347292238
1744902133.6005890369 -0.0030923733440838159503 0.13211269306480763475 -0.12443499775769641114
1744902133.700660944 -0.0022447997869508382746 0.16325176743735470009 -0.12775672530862614007
1744902133.800632 -0.005563426350717277924 0.19915743635758681451 -0.12541589131803110302
1744902133.9006929398 -0.0072602381848846228238 0.23672999960073934367 -0.12291005908517643741
1744902134.0007350445 -0.006731095034461247531 0.28201197511340075907 -0.12137009454352534754
1744902134.1006879807 -0.007911274184046978436 0.33241168653469055361 -0.12022877265269557578
1744902134.2006459236 -0.010314145399935187655 0.39680927645164931761 -0.11591570695951726455
1744902134.300661087 -0.0080490448407549101267 0.46776095041265841612 -0.11974207461537703101
1744902134.4006829262 -0.0087893061647226437133 0.54531964258242471288 -0.11225600078651287728
1744902134.50071311 -0.0051838588317778162839 0.62026013504281329869 -0.10408506916906791473
1744902134.600673914 -0.0065077467461483271688 0.69770505215006506372 -0.092267608267494333196
1744902134.7007191181 -0.0030736809020614434124 0.77125894314137599661 -0.090294401531768750391
1744902134.8006401062 -0.0024133339123885060376 0.85963069629766386548 -0.090354217791654187208
1744902134.9006779194 -0.010604316379901404521 0.96936244919658698382 -0.089625057143949263261
1744902135.000631094 -0.023778095780711744345 1.0897644122285581325 -0.091804464328743132229
1744902135.1006810665 -0.03043050904114637592 1.2100615001419134931 -0.088554091599424303305
1744902135.2006790638 -0.023885104988190082598 1.3236456320183458413 -0.084747883929467845987
1744902135.3006339073 -0.018117834917027366565 1.4257429105147090276 -0.073305090846303572194
1744902135.4006540775 -0.01397646439967654107 1.5181036201196169699 -0.06439838672372853734
1744902135.5006999969 -0.0084355634315914952703 1.6059149956203566667 -0.0564771003395721366
1744902135.6006669998 -0.0091860822205084291525 1.6908859373934721493 -0.051579433869035747062
1744902135.7007119656 -0.0038525997417112097659 1.7908806672802608517 -0.054466345564477318397
1744902135.8006379604 0.002261620705953124727 1.9061936331768687403 -0.052255330350464840317
1744902135.9006960392 0.0033552352289041272385 2.0287997665584045492 -0.051348505896954027561
1744902136.0006859303 0.0019165626068254879889 2.1495007914084678369 -0.045545109926592088068
1744902136.1006848812 0.0029537050785775802522 2.2653624913455883139 -0.040352263757289660862
1744902136.2006950378 0.0021155065091845583029 2.3759734922986037731 -0.035052613886841513247
1744902136.3006858826 -0.0084577797327691078833 2.503171455201001816 -0.038891508148837392045
1744902136.4006741047 -0.024820184588804802134 2.6418451231472652729 -0.043706617176025405747
1744902136.5007560253 -0.033488628389971505928 2.7877704569315215899 -0.053007883567375894962
1744902136.6007399559 -0.041451115895891746388 2.9303084139910531292 -0.057906481251635361085
1744902136.7007229328 -0.048867442520692964958 3.0644196244328241185 -0.064429071506199406261
1744902136.8006949425 -0.045990633939615874204 3.1868069974336719064 -0.060739003002813186927
1744902136.9007220268 -0.043837608820923766595 3.3027889751438777033 -0.051217292571741915297
1744902137.0006599426 -0.040617303486000171098 3.4189006074737711138 -0.038919824050246069891
1744902137.1006159782 -0.037044875905709040431 3.5424001349112805848 -0.032883371088402890692
1744902137.200576067 -0.035712364648095740183 3.6593447845848157129 -0.026434958300745658999
1744902137.3005599976 -0.031282300147768345167 3.7727611899238149284 -0.019993401217384566132
1744902137.4005749226 -0.020075381941726928858 3.8828176761790564875 -0.0072679423388510907417
1744902137.500617981 -0.0031109966083039297842 3.998977560099350459 0.0028231971678403544081
1744902137.6006829739 0.0030221978397737781982 4.117244077826568649 0.016973570484411115711
1744902137.7009279728 -0.006532696392414113519 4.2368981076611724745 0.037896771384458724508
1744902137.8011310101 -0.0013585884367355366073 4.3526400324592033897 0.049434377914920585306
1744902137.9011969566 -0.0043849219261407777412 4.4785773964038568806 0.058285792377000655851
1744902138.0009319782 -0.0018143389665120903884 4.6031755253905641823 0.061785506450302042636
1744902138.100579977 0.0053525087727723658082 4.7226453535727728195 0.074532485906564152622
1744902138.2000210285 0.028472900189433877211 4.8388295990407739211 0.074782449206549889142
1744902138.2996320724 0.061254547912866254278 4.9644381655634317596 0.07529820183266057454
1744902138.3995499611 0.10914251650045171671 5.0764467773086092706 0.0655259158878454262
1744902138.499753952 0.15991612515097425318 5.1887554265153257305 0.071066387071012357413
1744902138.6000590324 0.22510043837589810423 5.3000351649651564756 0.061883702313728701505
1744902138.7003068924 0.28158266042482815728 5.4134503135816824937 0.058770170794506408629
1744902138.8002951145 0.35086789150362907019 5.5137434912681921872 0.059946769535631230785
1744902138.9002549648 0.43033319111415979652 5.5994352473083477406 0.058552374082044028603
1744902139.0001370907 0.51796997962141699823 5.6780504527924033908 0.058775420379959662787
1744902139.1001009941 0.6169073702835672357 5.7512035711586682041 0.053752119334180559207
1744902139.2001531124 0.7212752718849023692 5.8092079621371990328 0.05267736875172263078
1744902139.3000409603 0.83421408367819105401 5.8507591833001741932 0.054107239152943117921
1744902139.3999559879 0.95043276043509206108 5.8633478035717274679 0.052080306630082666419
1744902139.4996790886 1.0722365033522522904 5.8593825620548054545 0.045138255524436191046
1744902139.5989010334 1.1996014700320276614 5.8412662140073079442 0.041466939818004346086
1744902139.6981329918 1.3141434063646235675 5.826829740245243805 0.035024622652710349358
1744902139.7981650829 1.4339342902822316272 5.8268402049306944335 0.024634246164814466162
1744902139.8988358974 1.5422757248669305419 5.8289733663346412484 0.016910392435844478348
1744902139.9996259212 1.6598809630482920241 5.8414311750547796009 0.01116883634824822509
1744902140.1003329754 1.7854902754252395258 5.8494605962972334723 0.008891454173902043831
1744902140.2008600235 1.92319030706470806 5.8651582460838040944 0.010591028410575024227
1744902140.3011679649 2.0708335384536122881 5.8838515527831187768 0.00052210123905485367884
1744902140.4011900425 2.2223028340517911872 5.9025460994191734088 -0.022557774613642167516
1744902140.5010020733 2.3679169002002233846 5.9179368926514834826 -0.0378906915608640954
1744902140.6006319523 2.5058027509199019001 5.9293328216248291085 -0.044123083249239469783
1744902140.7005009651 2.6364944591285235376 5.945066534136138614 -0.045869977183692359213
1744902140.8004620075 2.7597578695871316512 5.9496598326000258439 -0.043670947332707849009
1744902140.900468111 2.8892640532935884856 5.9538380384961389069 -0.045619113575001146721
1744902141.0005118847 3.0300470022894940847 5.9646133946754531507 -0.045256643573039517792
1744902141.100522995 3.1795859052383832477 5.9757027785904082151 -0.042902362087134063295
1744902141.2004890442 3.3262241215240204717 5.9876506054316234184 -0.046775014573547039898
1744902141.3005399704 3.4661094207211191609 6.0063883026957176625 -0.053113922454130740869
1744902141.4006090164 3.600806275550240354 6.0245697658069392588 -0.051783933250032582185
1744902141.5008699894 3.7485299148972104355 6.0493687502395872002 -0.053408242544594114465
1744902141.6006960869 3.8837783845876709954 6.0536575665703127314 -0.050627381776108780487
1744902141.700510025 4.0203700241905169221 6.0535728021239227914 -0.046021752714866540068
1744902141.8004050255 4.1629100405307442045 6.0548065637969461505 -0.052306722989096179899
1744902141.9003019333 4.3034186824986120357 6.0608995842741908433 -0.054451583686967439113
1744902142.0003290176 4.4503259832668593532 6.0692193287541078561 -0.054450115617430482062
1744902142.1003799438 4.5886018588123533846 6.0771281145951316915 -0.055957541120885162522
1744902142.2004098892 4.7305723536042245669 6.0801930882443553372 -0.061588314698891352683
1744902142.3004870415 4.8773666703294864533 6.0828378571515955286 -0.065000516093426385922
1744902142.4005639553 5.0257618296282053905 6.0836700693007328411 -0.070542890490130835679
1744902142.5008449554 5.1740123189965840922 6.0891383742585585281 -0.075899521852432330626
1744902142.6006770134 5.3220484919735540075 6.0935357625112187563 -0.085232837129505675811
1744902142.7008149624 5.4726728279132128563 6.0958189919739682594 -0.086126994978688919957
1744902142.8010320663 5.6205644617299581611 6.0970105151843432267 -0.090405215107408662401
1744902142.9009389877 5.7652809944621044025 6.1007709716592390947 -0.097264632990360533338
1744902143.0006840229 5.9055441438628379913 6.1009831966752816612 -0.10400077985027311733
1744902143.1005580425 6.0456717920471669814 6.0995191401582617985 -0.11247072418806614014
1744902143.2004740238 6.1904319815783086511 6.0986966022008033406 -0.12028841673274144608
1744902143.3003499508 6.3352741373006233871 6.0961318351366085011 -0.12421249623168263698
1744902143.4003169537 6.4752283601551301473 6.0949455789431992159 -0.12477723226278474022
1744902143.500305891 6.6158447187204814099 6.0928796498695483308 -0.12955991532538596589
1744902143.6003639698 6.7646025724673268797 6.0916156529308729262 -0.13474982160277867993
1744902143.7003769875 6.9080135901556403155 6.0858875339972486884 -0.13393997926165121526
1744902143.8004419804 7.0414339767899747358 6.0746611432440467127 -0.13613511036612668814
1744902143.900496006 7.1827321482257229235 6.0687647458211619877 -0.14011483531725812957
1744902144.000633955 7.3278059870832761291 6.0622851415585401469 -0.13711862117381995452
1744902144.100703001 7.4754736306178672933 6.0524902051714573048 -0.13446182448863169823
1744902144.2006950378 7.6190346890187026219 6.0451361747381699985 -0.12786314168265275337
1744902144.300661087 7.762490022917565291 6.0386839536898113678 -0.13584869433282725781
1744902144.4006249905 7.9022997099038772006 6.0311288424675399966 -0.13680142858811919493
1744902144.5007379055 8.0440034206660069316 6.0254619854591950912 -0.14676820334235327059
1744902144.6006970406 8.1868455489018181481 6.0209697045782286651 -0.14959214547034160869
1744902144.7006850243 8.3401014213034407874 6.0181215961429810335 -0.14932935039491448959
1744902144.8007199764 8.4899554820213971595 6.0137751309016742596 -0.15023226416502225011
1744902144.9007019997 8.6395529755710516184 6.0132404453273400335 -0.14386203499591609933
1744902145.0007350445 8.7833412761935161228 6.0138907141438595616 -0.14961321225147747316
1744902145.1007668972 8.9303023680883732993 6.0077064900958747629 -0.15501382696731952349
1744902145.2007939816 9.0765803967359062199 6.0009008621580930409 -0.16496064620295786129
1744902145.3008029461 9.2231032683420899332 5.9963801544983157399 -0.17307426634489175843
1744902145.4008169174 9.3725430313758799628 5.9892934938692627966 -0.18327159259017530846
1744902145.5008409023 9.5147061024259045325 5.9832030634123931634 -0.197628737937340343
1744902145.6006219387 9.6653169559197866789 5.9868178278821986282 -0.20770369992020143446
1744902145.7004990578 9.8148965796470015732 5.9853311103944406568 -0.21594749605357685396
1744902145.8005440235 9.9571996134814071411 5.979513207542969333 -0.22377521226464977544
1744902145.9007050991 10.093515571810423026 5.9797530952575774776 -0.22527976013867451188
1744902146.0007588863 10.237891234884985536 5.9831443666514205759 -0.23267622264921788977
1744902146.100620985 10.380226685376603868 5.9891493995302340636 -0.24439713316878675098
1744902146.2007009983 10.530115590380045631 5.9895309522974278238 -0.24581657461674655263
1744902146.3008539677 10.671044142685746081 5.9992176091545177385 -0.24538321734360413195
1744902146.400924921 10.81201277469111055 6.0110407061696093933 -0.24076102060488299705
1744902146.5009150505 10.952075150338774989 6.0225414234949345982 -0.23588974205791377048
1744902146.6009049416 11.09084443278056753 6.0277080730861616331 -0.23017673572042762764
1744902146.7008500099 11.232617337275220493 6.0304382832533205416 -0.2318415042435883755
1744902146.8007009029 11.377789828017203178 6.0341773428031473259 -0.23810706258321379103
1744902146.9005770683 11.522555168104782197 6.0434964074778454446 -0.23370250030418196485
1744902147.0005040169 11.671473400946926091 6.054631895601883862 -0.22802965884887541059
1744902147.1004838943 11.814884263580056611 6.0586111159693514239 -0.22520480874765172463
1744902147.2005159855 11.96180499123908092 6.0622490370828847617 -0.21730091402404808076
1744902147.3005180359 12.105363622049615913 6.0674175657601354672 -0.22297296656723716857
1744902147.4004459381 12.246292072657084304 6.0760131479027998935 -0.22546287336264722589
1744902147.5004119873 12.387874711002099914 6.0819900213346294038 -0.23486466571429856498
1744902147.600438118 12.530260388137772765 6.090387152013240879 -0.2408410734783315299
1744902147.7005119324 12.673145865757403428 6.1028232091507090828 -0.25660903468943674355
1744902147.8005290031 12.817226223719456968 6.1106179762786645426 -0.26951617943501049446
1744902147.900562048 12.967070963682376217 6.1203009977277691434 -0.27932125350796943586
1744902148.0006380081 13.118361974714490614 6.1257966656948301676 -0.28828431547518140743
1744902148.1006700993 13.265595200677703147 6.1291464502444927831 -0.29428310841153559885
1744902148.2007238865 13.413196229856756858 6.130723348042599774 -0.29715685801901287055
1744902148.300743103 13.559360833923259193 6.1365413733352678349 -0.30030141035994700749
1744902148.4007740021 13.704280216770165168 6.1407693532454512564 -0.3036534437853649071
1744902148.5008459091 13.846260692036477025 6.1416648111155076606 -0.30732711366113091289
1744902148.6007831097 13.98750408468476536 6.1466590602989397141 -0.30374315278135988194
1744902148.7008230686 14.127557412574519802 6.1511393175217232709 -0.30839899479404292437
1744902148.8008499146 14.267152727912158383 6.1566104773899805735 -0.31222695449315357452
1744902148.9007630348 14.408534672742705496 6.170960992359832531 -0.31862102247898732577
1744902149.0006959438 14.547976674313931156 6.177407109486113157 -0.32837008541256734739
1744902149.1007580757 14.686813295617049846 6.180326223596916968 -0.33332079825275051643
1744902149.2007210255 14.831522497452175102 6.1903701950361806894 -0.33960271148831694399
1744902149.3006858826 14.978667116363498124 6.1956586669004636292 -0.34369577748499852143
1744902149.4007129669 15.127290876203002057 6.1987843362120154111 -0.34606602803951425074
1744902149.5008900166 15.275747051314825242 6.2018182807723070127 -0.34806521210517782361
1744902149.6006889343 15.415490721113801698 6.1972130238107538958 -0.34657658525388618243
1744902149.7007789612 15.559597689471287296 6.1926991997254194899 -0.3405259535029125928
1744902149.8007209301 15.696798951933692123 6.1931220195600236167 -0.33979950309075468429
1744902149.9007320404 15.842001449270199487 6.1989809527713397586 -0.34131629663309204226
1744902150.0006148815 15.987524883079586857 6.2026646107887071224 -0.34222224813458534953
1744902150.1006660461 16.133651973422043824 6.208856506254522678 -0.33856198374294677045
1744902150.2007470131 16.286261002322220293 6.2207503644075989868 -0.34170771289760371037
1744902150.3008289337 16.434071718409050789 6.2364062435640343907 -0.34750764262398553539
1744902150.4009320736 16.580546084286357456 6.2421162603650728329 -0.35845445122041291741
1744902150.5010910034 16.723544510136171937 6.2448377173448958999 -0.36570734785279629397
1744902150.600965023 16.867081572360142161 6.2525951206451715336 -0.37078904436927972998
1744902150.7006831169 17.012118687967660691 6.2521473710996353645 -0.37192144035504909327
1744902150.800424099 17.15394837079826118 6.2517058760991481847 -0.3768594396268773461
1744902150.9002370834 17.297266605009923524 6.2503486993885726264 -0.38532404937424891145
1744902151.0001420975 17.442079546484759334 6.2489218973213001007 -0.39034956448712399002
1744902151.1000769138 17.582812496008784819 6.2458623501529402233 -0.39801032081926324135
1744902151.2001349926 17.728808578243757665 6.2427451022133571001 -0.40741788400821521421
1744902151.300180912 17.872131138015969753 6.2420541272280027911 -0.41591016827938931399
1744902151.4003019333 18.021918355114912913 6.2397493356957776101 -0.42255864272501669765
1744902151.500428915 18.168181954798299671 6.2416579538445722264 -0.419820807736939694
1744902151.6005129814 18.311502960936497431 6.2437583315653242266 -0.41764159711997034252
1744902151.7006790638 18.450531388558051304 6.2393211155984760197 -0.41821150067260509653
1744902151.8008930683 18.593936027093914021 6.2148306178640178032 -0.41712377853046256337
1744902151.9011530876 18.732298677070531312 6.2074333206203800017 -0.41022929271791780392
1744902152.0011899471 18.871170580180283594 6.1883008196796529532 -0.41847985524108766153
1744902152.1009318829 19.021861930803407148 6.1679473202472889781 -0.4226706783571150261
1744902152.200165987 19.162047260851473141 6.1389694201130184936 -0.43350139209268462315
1744902152.2997961044 19.306471884455220334 6.1157869615510209726 -0.4457766710903098839
1744902152.3996310234 19.445531559343880446 6.0767124722176699692 -0.45463377903196516838
1744902152.499917984 19.583565809511672029 6.0401881848421217214 -0.46290722897752112353
1744902152.600331068 19.721635573844878309 5.9900770989216374218 -0.47177001593458023354
1744902152.7005739212 19.85293966585032166 5.9307252752415484665 -0.47823802237220219835
1744902152.8005590439 19.977100409243906398 5.858565495152577185 -0.47699574991322751805
1744902152.9004569054 20.100696531553943203 5.7860554979210858662 -0.47980043229689112172
1744902153.0003519058 20.2229067356299268 5.7008410458343954375 -0.49259149690225884077
1744902153.1003770828 20.335843565622489848 5.6003464903537985009 -0.49827928456360875975
1744902153.200398922 20.442407685252959482 5.4867023018614666796 -0.51325131805535284535
1744902153.3004040718 20.540117670559109087 5.3799369272911263806 -0.52552495599209170241
1744902153.4003460407 20.626420138051230424 5.2604883886308408947 -0.53974738941846711615
1744902153.5003230572 20.705753679287063562 5.1348613115689438757 -0.5478937061168733802
1744902153.6004199982 20.783718914388469301 5.0098533248580627841 -0.55173497409997784846
1744902153.7003889084 20.850031708981070722 4.8794646443870473007 -0.55651320852711860798
1744902153.8004000187 20.904238518807339631 4.7530138118279365855 -0.55960882691200186656
1744902153.9003500938 20.938571619448275385 4.6179706400813458345 -0.56243061860527188145
1744902154.0003380775 20.961005551483747666 4.475264572964046117 -0.56165314289759105115
1744902154.1005220413 20.977284189684461069 4.3368147536090555505 -0.56195435134501936503
1744902154.2007789612 20.989501337169389927 4.1979910629845926806 -0.56056968555448127844
1744902154.3007419109 20.992561160548934396 4.0589392197507336846 -0.55680601388112826999
1744902154.4005060196 20.984938748258571195 3.9154801986412532955 -0.56334040241854954623
1744902154.4999330044 20.961379503428553051 3.7736870595623175362 -0.57359057733241347599
1744902154.5995941162 20.940317811342513465 3.6373154197119048625 -0.58144967601164276871
1744902154.6994400024 20.920854426147116101 3.4938715660537926766 -0.58984568928628433593
1744902154.7996630669 20.90066799505492412 3.3468539119087186151 -0.59611540108311933395
1744902154.9000680447 20.889262933379438181 3.1999643901434384752 -0.60442995737714788618
1744902155.0004611015 20.880620219474845811 3.0510352470742838626 -0.60186156744036012345
1744902155.1007990837 20.870668220740554943 2.9081559002674985948 -0.6050114066709559868
1744902155.2010629177 20.860570537255167523 2.7674838478851384593 -0.61227692970444769216
1744902155.3011500835 20.849295582812477079 2.6254760655425313232 -0.61794947031246449942
1744902155.4008700848 20.844332110043975348 2.4840498371370878239 -0.62693497957499177975
1744902155.5005300045 20.836721301008740426 2.3327376510901527418 -0.63542708902582756281
1744902155.600577116 20.82874784546301683 2.185494423657991625 -0.64420378997443916713
1744902155.7007060051 20.826015196126544282 2.0475507439558358058 -0.64382767331817736256
1744902155.8007950783 20.820768747577595548 1.9020248419843943655 -0.64704545078453856721
1744902155.9007930756 20.813491105815288051 1.7629489184857776163 -0.65276097844357494626
1744902156.0007030964 20.812990784335987371 1.6207296476557349063 -0.66367514174527975079
1744902156.1004989147 20.816710226852279675 1.4625306980030565729 -0.67322706838252810435
1744902156.2002899647 20.82223401249873973 1.3150464078059500572 -0.67789092999620237379
1744902156.3004460335 20.833636431580600856 1.1708191567629109286 -0.68800588264971596075
1744902156.4006850719 20.835363559679915824 1.0344536358386904329 -0.68646884866444890516
1744902156.5008499622 20.838593803500149448 0.89199133873681679674 -0.68961491390419604741
1744902156.6008400917 20.846712325214852513 0.7566364215844113561 -0.69079525336743874409
1744902156.7008280754 20.856953518029818895 0.61519006305419121627 -0.69283465935968480132
1744902156.8008430004 20.86697203679015189 0.47788934443309327715 -0.68949048582587402212
1744902156.9008090496 20.878963547771011378 0.3269110034254576469 -0.68789816978579276796
1744902157.0007579327 20.887923252769233784 0.18069633713955318699 -0.69096702981024804568
1744902157.1006629467 20.89435227176371157 0.032962611167518002242 -0.6938897873117947368
1744902157.20063591 20.901732915160884829 -0.10854989347552929102 -0.7017250318136045717
1744902157.3006279469 20.909276515179350042 -0.25155819082783692497 -0.7020724045857996698
1744902157.4006199837 20.916726156959001059 -0.39835937613511213096 -0.70650978285647603183
1744902157.5010080338 20.920632730166893509 -0.54855466689880794107 -0.70792632110058428818
1744902157.6007099152 20.929782938780331136 -0.69147040691071182117 -0.70823129780544047396
1744902157.7007009983 20.943670379429523365 -0.84110263058627243726 -0.71232335726300632928
1744902157.8007090092 20.95645299794908567 -0.98882533272125561208 -0.71707332558309211379
1744902157.900758028 20.966611329949671472 -1.1319033486193239568 -0.72881301114613095127
1744902158.0007479191 20.982171855375661096 -1.2727197525723645821 -0.73690639102120303328
1744902158.1008551121 20.978481113147854131 -1.4117048483193657127 -0.73824087161991569506
1744902158.2010190487 20.990475949670390321 -1.5538640640570087204 -0.75419920840795595662
1744902158.3009459972 20.990162971285894145 -1.6989372909862545669 -0.76394105997420103105
1744902158.4007749557 20.984419669558850075 -1.8440547515842924398 -0.77297721649657136211
1744902158.5005979538 20.987686925824871054 -1.9835574031834004582 -0.77756729902099175344
1744902158.6005280018 21.001396994728846579 -2.1215749429954442462 -0.78436407509244909786
1744902158.7004380226 21.008403288542492504 -2.2625199138338030203 -0.78750647360522285645
1744902158.8004279137 21.021182914974541944 -2.4078811975687774982 -0.79446846851673558199
1744902158.9004559517 21.035770968423392446 -2.5581118739018440245 -0.79370709780819503898
1744902159.0004780293 21.036906408781604227 -2.7040056759733888114 -0.79883900830622411871
1744902159.1005759239 21.050625889466068941 -2.8531232605916807543 -0.80667046431322775302
1744902159.2006430626 21.06214940931939239 -2.9966678371218882226 -0.81440551852601761329
1744902159.3006970882 21.070664662463041594 -3.1362642905991902076 -0.82896872046978331561
1744902159.4007430077 21.072594656854331419 -3.2826685813880485121 -0.84490546904434205011
1744902159.5008749962 21.081284033240983433 -3.4280104021927284563 -0.86061704100041935828
1744902159.6007950306 21.092889477081126159 -3.5711634406403183206 -0.87068845619585033546
1744902159.7008190155 21.100075858037243393 -3.7161698167424570549 -0.87635705860106372089
1744902159.8008270264 21.112471145534787098 -3.8585086024852288666 -0.88022271201053359224
1744902159.9008069038 21.12385302610713822 -4.003023431119035358 -0.88106365523384855276
1744902160.0008049011 21.127258858694560217 -4.1490887091922452612 -0.87847663999164815607
1744902160.1007790565 21.128800784471327034 -4.2898543773313946303 -0.88413502754618433777
1744902160.2008039951 21.129600068553898495 -4.4322558409675387736 -0.88718280985102027092
1744902160.3007810116 21.132762755638214713 -4.5740790781801585752 -0.8796688574441325903
1744902160.400801897 21.134273385600515383 -4.7201044322299905431 -0.87485618215791050023
1744902160.50086689 21.135836657244603032 -4.8637581784268899554 -0.8721057510214502706
1744902160.6007640362 21.152613225744214986 -5.0025461530668691168 -0.87365334390244042684
1744902160.7007460594 21.169333027570694128 -5.1463238306634941921 -0.88494234397628512845
1744902160.8007481098 21.179657875670617528 -5.2956914071637335439 -0.89221998033061866717
1744902160.9007809162 21.192357006327057434 -5.4407905437501291601 -0.90107699673792729378
1744902161.0008080006 21.204281094345713399 -5.5867640455404616873 -0.90458265063602716349
1744902161.1009171009 21.21575515717603011 -5.7299250956261591483 -0.90844771642012989155
1744902161.2012429237 21.214215927569949116 -5.8794606863645482164 -0.90656380637887323815
1744902161.3015599251 21.200268406990002035 -6.0292172936096397606 -0.9092887146068624471
1744902161.4014179707 21.191606999150113921 -6.1752287186013070652 -0.92142263371701615959
1744902161.5002279282 21.188805891403127646 -6.3197885888804181675 -0.93269024034450465077
1744902161.5992839336 21.176450445746780815 -6.4598503105407596436 -0.94024278012900297519
1744902161.6986880302 21.166192106740133738 -6.6071353178165619369 -0.95341037264577532806
1744902161.7986750603 21.153053218534260793 -6.7521387252131885859 -0.95610012243313391433
1744902161.8988220692 21.140078790929198505 -6.8917929795770227486 -0.95635577702256768795
1744902161.9990921021 21.131227684570806247 -7.0364118957417085554 -0.95739432111906341838
1744902162.099364996 21.124689833011558449 -7.1830417583378167734 -0.954773791151828366
1744902162.1995680332 21.117960896748439126 -7.3291338996196992994 -0.95827150819364348422
1744902162.2998120785 21.103569181892073203 -7.4698384113968741005 -0.95906087900861736184
1744902162.399971962 21.104042849913955848 -7.6189427118143857598 -0.96109697269935367991
1744902162.5000770092 21.097980390319140298 -7.7570515265788113624 -0.96313341704767230222
1744902162.6002130508 21.102680909360184813 -7.9008388461405933967 -0.96802924053771766122
1744902162.7003529072 21.102610111306120189 -8.0465902046604576014 -0.97060662925063467821
1744902162.8004629612 21.093235538989048905 -8.188475466569867578 -0.96675414462710618224
1744902162.9004490376 21.07652867950624298 -8.3395903443369832075 -0.97257962872927083975
1744902163.0005590916 21.051545113132402065 -8.4817286242478999725 -0.97131659625824273707
1744902163.1007390022 21.032517128855509725 -8.6202818369119817987 -0.97065489993525722046
1744902163.2008750439 21.018026948630435413 -8.7620263979014492151 -0.96469559065707066736
1744902163.3009200096 20.996457355816058765 -8.901201663816737053 -0.96225610001171801855
1744902163.4008419514 20.964919386444712757 -9.0432275600915499325 -0.96313899625640331248
1744902163.5006790161 20.920683647313381925 -9.179988986404826079 -0.96010922799572351316
1744902163.6004440784 20.869218361081554036 -9.3165703424200838612 -0.95294918953145435481
1744902163.7003850937 20.823015722689333984 -9.4563321840484881875 -0.95645029980796270053
1744902163.8004250526 20.763861374770897328 -9.5948891621474956537 -0.96213684916716313289
1744902163.9003880024 20.691761437967343795 -9.73361962621487109 -0.97009701411634252644
1744902164.0003979206 20.592153055201578127 -9.8528522713511268449 -0.98579062484131385613
1744902164.1001820564 20.494388729669335447 -9.9624107275814886009 -0.99838085921283914459
1744902164.2001159191 20.383503398870168155 -10.060383964197360029 -1.0151955647981065756
1744902164.3001360893 20.274643026651578026 -10.144112445694883462 -1.0264449537049189498
1744902164.4002130032 20.177954784754039252 -10.222289442717068297 -1.0337244396915954425
1744902164.5003550053 20.051448651938642342 -10.296902359239842539 -1.0316720687518590172
1744902164.600383997 19.923318755332250163 -10.354449350580415157 -1.0312945135499871352
1744902164.7004289627 19.785818203481667865 -10.395718002776838773 -1.0247112986465380935
1744902164.8004050255 19.637315494294341534 -10.429090825408021459 -1.0253453640006600089
1744902164.9001250267 19.49797889402843154 -10.443072287281555788 -1.0271020181407788385
1744902164.9993729591 19.357765099818820431 -10.437707486106223342 -1.0199165459467534056
1744902165.0984170437 19.2227461801413817 -10.434372534525625298 -1.0180628165811604902
1744902165.1984260082 19.08017421231168953 -10.438233308374982755 -1.0139432982780089976
1744902165.2990438938 18.945110280745236508 -10.448467929553011402 -1.0163251329033204939
1744902165.3997719288 18.804600714106520343 -10.463993955572062688 -1.0198308399481001985
1744902165.5004301071 18.656673100620626116 -10.479956995199685821 -1.0183439277629460218
1744902165.6017429829 18.509115845193690575 -10.494527941505673141 -1.0313803664504712643
1744902165.7011229992 18.357816771177326132 -10.514053670383116668 -1.0394539868924241865
1744902165.8010830879 18.211240753090869759 -10.521920904300934296 -1.0426088405262581293
1744902165.900949955 18.069878712808641552 -10.530724110447428288 -1.0338150469370916973
1744902166.000674963 17.929402978927981849 -10.538756879207852535 -1.0284624445295709183
1744902166.1004650593 17.787446113692109151 -10.553630268163496808 -1.0160537164464900073
1744902166.2002239227 17.649793195378492783 -10.56372858060017883 -1.0024788919851781444
1744902166.3001201153 17.512956861443246481 -10.578328327363820449 -0.98719093592649742597
1744902166.4000439644 17.370810106446331389 -10.594237532660878642 -0.97524823317282238744
1744902166.5000050068 17.225232981888353834 -10.610195191545413351 -0.97139292248643516192
1744902166.600055933 17.08698938527964728 -10.621186486640700863 -0.95970255463442866173
1744902166.7001020908 16.938117847763173529 -10.632820747021671792 -0.95293734104495564363
1744902166.8001680374 16.786569624207796636 -10.650789676282506946 -0.95004948532356936486
1744902166.9002070427 16.641649725005173366 -10.665518662061984401 -0.94940709998897443445
1744902167.0002839565 16.496552702020910175 -10.675234589019794385 -0.94763635699962511794
1744902167.1003301144 16.347835572296268936 -10.690330917880862316 -0.94301745274317938517
1744902167.2003788948 16.201821619318508283 -10.708297760236238361 -0.9451702360464522279
1744902167.3004610538 16.053364434495701829 -10.725630221231135408 -0.94607571206936424968
1744902167.4005351067 15.909874641589430766 -10.747606812564276524 -0.94380388242075319294
1744902167.500551939 15.766830339724309695 -10.762644879354382965 -0.94407556308458095984
1744902167.6005830765 15.627811652521264918 -10.771148606279894011 -0.93920032275172193881
1744902167.7005910873 15.487859423180594831 -10.783206941063811612 -0.94597554823849916428
1744902167.8007130623 15.349673601741791629 -10.798259373365260316 -0.94073233461104022179
1744902167.9006330967 15.206082993437583184 -10.811540431161372311 -0.93781551545106978107
1744902168.0006918907 15.067027374402114148 -10.821451094536946869 -0.93490196155983151804
1744902168.100673914 14.929349020778781565 -10.829561021353391936 -0.92486588839290384545
1744902168.2006809711 14.787343366142062351 -10.841234977711948773 -0.91697961426647967009
1744902168.3006639481 14.646936756137266755 -10.853547925035300636 -0.91200646837595678029
1744902168.4006700516 14.503121928563036391 -10.871035266024049903 -0.90998104214403807699
1744902168.5009200573 14.361068647058734982 -10.891042645330490046 -0.90814318961651074869
1744902168.6008200645 14.213990792119153284 -10.904357719684437455 -0.90514824446865049801
1744902168.7008149624 14.064954494579289701 -10.921546636133152575 -0.9065440038870526962
1744902168.8007071018 13.924055408888536434 -10.938882615835424872 -0.89643757002032364856
1744902168.9005670547 13.789447142451294326 -10.956281979342875843 -0.88940618627095913151
1744902169.0004479885 13.657711036151722439 -10.964205864207636765 -0.88360130000207948164
1744902169.100454092 13.518590809119404028 -10.973428443652734288 -0.88111375053633633758
1744902169.2003920078 13.370969859859330953 -10.983714323563082971 -0.86539268027405313877
1744902169.3004090786 13.21099762307080816 -11.00328947735204288 -0.84981328286631352409
1744902169.4003748894 13.052697386537381874 -11.017108342482137218 -0.84228705030914385876
1744902169.5005009174 12.902739103294795342 -11.030304063052478014 -0.83768566542367517425
1744902169.6005949974 12.768123007762294918 -11.049628118927421028 -0.82914822726604642256
1744902169.7005860806 12.636052975979081836 -11.065699520990163407 -0.82143959173121283701
1744902169.8006401062 12.500521818167197097 -11.074251876855525367 -0.82751083603706443448
1744902169.9007539749 12.365247203564399214 -11.074675082411097549 -0.82223755085339389481
1744902170.0009150505 12.222100792297279526 -11.07695001027039261 -0.82130005949652062913
1744902170.1008269787 12.067988958216327333 -11.074030109590669468 -0.81802921226354952111
1744902170.200578928 11.92148922976439529 -11.073515001851761852 -0.8140897075178525899
1744902170.3004031181 11.784081340843533425 -11.077728016712228509 -0.81219959260445828697
1744902170.4002969265 11.645493700151037686 -11.08208800895948265 -0.81265587329656152615
1744902170.5002629757 11.503563109575575041 -11.091658189805245982 -0.81485826234605573948
1744902170.6003348827 11.361452930630044023 -11.097582213795210038 -0.81332825703130662287
1744902170.7003920078 11.215759224908790515 -11.103848239408804943 -0.81439519754038625088
1744902170.800399065 11.066145049278706125 -11.111170364609138872 -0.80885613946199730329
1744902170.9004559517 10.917240083289382113 -11.119117560435507031 -0.80495011524678883319
1744902171.0005419254 10.770777007855221186 -11.126402448037374882 -0.7949122194242173034
1744902171.1005630493 10.627501186602227534 -11.133732414214856377 -0.7916735836237642765
1744902171.2006099224 10.483775540325336095 -11.136523248323650037 -0.78945213466747099496
1744902171.3006970882 10.343532358230513424 -11.144306713691365829 -0.79352789505143372928
1744902171.4006769657 10.19137636027961058 -11.152304819736674091 -0.79488083731397363163
1744902171.5006968975 10.037763069528253368 -11.163329625196215744 -0.79387705453763279806
1744902171.6007189751 9.8852384077417241315 -11.168025708648668726 -0.79066796501285252496
1744902171.7007169724 9.7382909710557665761 -11.172406604704224975 -0.7814777085922089972
1744902171.8007121086 9.595044193486298667 -11.177914084434506847 -0.7722336263611747631
1744902171.9007298946 9.4538589604382323728 -11.181930426199979678 -0.76341457926325329009
1744902172.0007860661 9.3124386990543559506 -11.189302334411573625 -0.75384458006784604844
1744902172.1007699966 9.1771296657928971285 -11.193075826291202901 -0.74476507509915501615
1744902172.2007319927 9.033813755132936052 -11.195781740300107643 -0.73912765572004779369
1744902172.3006920815 8.8943839266483095685 -11.194315244474990934 -0.7292983768586619453
1744902172.4006829262 8.7511132443084349575 -11.197245460234844572 -0.71876771110408399501
1744902172.5006759167 8.6047157355472201345 -11.196396218757834973 -0.71378837061760380678
1744902172.6006939411 8.4616224940055033699 -11.199126639756572743 -0.71593729214739454392
1744902172.7006409168 8.3192614399889599497 -11.203011020804860109 -0.72003594120614466956
1744902172.8006930351 8.1758516081116319185 -11.204384263697765078 -0.72010165378206958398
1744902172.9006230831 8.0275400725893391041 -11.212484435256127924 -0.7215371569018578235
1744902173.0006949902 7.8828193223688174385 -11.221280863492442137 -0.72057593012063791971
1744902173.1006939411 7.7376856502086530654 -11.235781933510013531 -0.71814587508103744362
1744902173.2007119656 7.601907972879242692 -11.244324189552079574 -0.71250378518354962054
1744902173.3006830215 7.4710480319585119702 -11.254836636096055003 -0.71020723025679133311
1744902173.4006769657 7.3325465927621440443 -11.25714507142319043 -0.70292082281074019789
1744902173.5007140636 7.1821206611663290786 -11.254530493965193116 -0.70295231660762746984
1744902173.6006669998 7.0288810318615322359 -11.255219609479402365 -0.69994064694182200892
1744902173.7006950378 6.8720601849177977982 -11.262217527305480758 -0.7010074718587013809
1744902173.800673008 6.7306901268927532556 -11.268882454969377349 -0.69872467340427879545
1744902173.9006650448 6.5900498071724067373 -11.281922885780570454 -0.69693084875871880168
1744902174.0006299019 6.446178811722513835 -11.300840608687623856 -0.69394750502172319884
1744902174.1005620956 6.2987719146022040917 -11.315808411946568057 -0.68765084169731494068
1744902174.2002489567 6.1587651279159905116 -11.338388479220602889 -0.68923090069672343638
1744902174.2998790741 6.0293670834277861559 -11.364353021454045134 -0.68270711400498584887
1744902174.3995370865 5.9190123784439361287 -11.394315393649826262 -0.67789581230603490614
1744902174.4997959137 5.815310996447952796 -11.434518577269118467 -0.67024352535002595932
1744902174.6005759239 5.701035345637663454 -11.489992247246485491 -0.66319217850802436587
1744902174.7013959885 5.5900766179620937635 -11.55641633165227411 -0.65997177377275506593
1744902174.8016650677 5.4813803743186024775 -11.632459281169847287 -0.64865874471576345783
1744902174.9013190269 5.3775273926549091996 -11.712977400458598254 -0.64698984354325106416
1744902175.0007350445 5.2747138477279040814 -11.796341607174831267 -0.64730655803894254774
1744902175.1001989841 5.17326970358298599 -11.891761082205389854 -0.65657328413311533133
1744902175.1998009682 5.0815185786017611491 -11.994358077380198324 -0.66786489805929782904
1744902175.2994329929 4.9996473536859422637 -12.105911927040345688 -0.67887528383142226041
1744902175.3992879391 4.9186041798967554683 -12.226270966746405122 -0.68095725668146733778
1744902175.4994940758 4.859252602905371532 -12.344504184786499579 -0.69121638388863104741
1744902175.5999360085 4.814599338254438976 -12.466560750447570172 -0.69984256320471593948
1744902175.7003660202 4.7825703501910981075 -12.5921909917150181 -0.69572037054083868401
1744902175.8005149364 4.7563407636609182916 -12.7152715157383156 -0.69676511379028005511
1744902175.9006009102 4.7412424561038637449 -12.847507254771800334 -0.69463162169836623061
1744902176.0008029938 4.7359697443935262484 -12.979017143411725854 -0.69583312069404756883
1744902176.1009249687 4.7384846048712727651 -13.108977628093970935 -0.69705473010405860634
1744902176.2011840343 4.7502816054560605963 -13.251853737276148237 -0.69748741161033467328
1744902176.3014900684 4.7645004354438285077 -13.399158763678739703 -0.70531031852860126552
1744902176.4013400078 4.7782298806421055204 -13.546040646755056258 -0.7143268203982280351
1744902176.5005609989 4.7875773589687691256 -13.684268923453636546 -0.72150014740205670183
1744902176.5998249054 4.8067176820576600349 -13.823802765705972107 -0.7328437707859593031
1744902176.6992249489 4.8243042802478282027 -13.969453927854081243 -0.7404733089828190451
1744902176.7991960049 4.8367637676346797448 -14.116141722393228619 -0.74531387540896487653
1744902176.8993070126 4.8489098145613311885 -14.256142355714150227 -0.74871129244397860436
1744902176.9994530678 4.8661930849846468661 -14.394348024695650778 -0.74942508881651104247
1744902177.0995769501 4.8845989071838058493 -14.531966813715662568 -0.74753811494119393188
1744902177.1996669769 4.9092402546503866034 -14.674195864941937728 -0.74538629680327139759
1744902177.2998189926 4.9370849364081976773 -14.81392049401142863 -0.74490821189371902999
1744902177.3999450207 4.9629608072393480711 -14.947977003396321294 -0.74828884166666631561
1744902177.4999759197 4.9883017242801290791 -15.076912515394033321 -0.74703957775918705675
1744902177.6002149582 5.0156576639420569208 -15.2241981278190881 -0.74940339344762896268
1744902177.7003040314 5.0379567947073544687 -15.37486711008273943 -0.75683622528103478011
1744902177.8003079891 5.05546885521453504 -15.523678847799351033 -0.75939763382629676958
1744902177.9002349377 5.0758896670140849494 -15.665261586173274466 -0.75828814242463571382
1744902178.0002980232 5.0924604756429348029 -15.805496263162995163 -0.74979041296708648368
1744902178.1004500389 5.1116201354935011381 -15.946890377210438672 -0.7475287786494453357
1744902178.2004749775 5.1285021316207615172 -16.085644999098587249 -0.7462617099158587175
1744902178.3004510403 5.147331337550522079 -16.22966030186518438 -0.75068341393447857168
1744902178.4004900455 5.1651743915038768051 -16.370625744548242153 -0.7529644444190987107
1744902178.5007278919 5.1829129756284899599 -16.521655245384508248 -0.75938973251283581334
1744902178.6008300781 5.189334649385195064 -16.673323154395514933 -0.76928567576650130899
1744902178.7007548809 5.1981228002444375136 -16.822191547643484455 -0.77986956117597261429
1744902178.8004999161 5.20890178908395729 -16.964977967303095596 -0.79010803008172481032
1744902178.9004909992 5.2118484206878799014 -17.114505318946520163 -0.79798717416115461099
1744902179.0004870892 5.2125228289060299147 -17.252514494751860497 -0.8052223117775536565
1744902179.1006090641 5.2099682095405821514 -17.398000954334019497 -0.81244554576117522515
1744902179.2007629871 5.210305434608288877 -17.550703576913772253 -0.82109243043471435985
1744902179.3009679317 5.2180971277620225024 -17.692070111692192569 -0.82393031396179161607
1744902179.4008970261 5.2207873189291627014 -17.83380107183604224 -0.82844895678396979211
1744902179.5007190704 5.223853266966378861 -17.976411918432440018 -0.83457474224752015157
1744902179.6006259918 5.2202641413964325778 -18.116374911605465314 -0.83457831823997974396
1744902179.7006099224 5.2159313764165666782 -18.252135312971976333 -0.83794512925866182496
1744902179.8007009029 5.2177565258926783542 -18.386956130489387817 -0.83634865841164074407
1744902179.9010169506 5.2151670905008495893 -18.518214571803270019 -0.84075549191362530799
1744902180.0013430119 5.2055637186279630768 -18.649457478637906149 -0.84884482676054162642
1744902180.1012690067 5.1907465804746246718 -18.775135779431654015 -0.85621473176327533849
1744902180.2008709908 5.1784369487675290245 -18.884660230864920294 -0.86440515078864499365
1744902180.3003430367 5.1598846198640222482 -19.00629669921283238 -0.87085864472185947616
1744902180.3999969959 5.1364116845342744355 -19.133665336027288362 -0.87904003478726089327
1744902180.499972105 5.1122877054942481578 -19.255090499571533513 -0.89118279990798632273
1744902180.5999140739 5.0794011563405865317 -19.378113605805928898 -0.89534901219813445294
1744902180.6997110844 5.0559517292262716737 -19.473736011357392073 -0.90710985941735133853
1744902180.7995820045 5.031821060545967228 -19.537937565871573042 -0.91096314971495373491
1744902180.8993690014 5.0032919746228889935 -19.604228281424944669 -0.9110879750668685606
1744902180.9994580746 4.965119383221161975 -19.669849569001744527 -0.91353222963805380541
1744902181.0999920368 4.9238780216286555103 -19.735101229527518996 -0.91544912648613041561
1744902181.200592041 4.8814031886555468986 -19.816886296504300446 -0.91310324468058634562
1744902181.300784111 4.8463695586756516676 -19.888317606424276818 -0.91045577578509151451
1744902181.4007430077 4.8158872970427317739 -19.940505044767807163 -0.90446255835820321689
1744902181.5006639957 4.78808008059589163 -19.972857085851398296 -0.89508477837582667291
1744902181.6005940437 4.7669124579960300281 -20.003576359617532887 -0.89173329958789981919
1744902181.7005798817 4.7538883122510187107 -20.002735990524293186 -0.89328993964443004216
1744902181.8006429672 4.737507713023473066 -20.007746546451741665 -0.89031572966119520984
1744902181.9007320404 4.7125836284229620787 -20.016194952225632164 -0.89029713850654690344
1744902182.0007948875 4.6794550320377652497 -20.040219508916006674 -0.89388334791283197145
1744902182.1007959843 4.6383012235876455165 -20.072643771182704597 -0.89871907926429495106
1744902182.2008008957 4.5982697191877424103 -20.110236479976340007 -0.9000131407123754812
1744902182.3007769585 4.5549440148193518496 -20.151777704928576895 -0.89844705628277177212
1744902182.400662899 4.5307282661256174094 -20.190089730984372096 -0.89428589195136642953
1744902182.5006389618 4.5033206374701739705 -20.211853816617932011 -0.89653802522590075874
1744902182.6006379128 4.4770077873494376064 -20.237035012895063346 -0.89585821787955544071
1744902182.7006530762 4.4764787825875904659 -20.238457781389652013 -0.89491370508396073102
1744902182.800798893 4.4823243259696976537 -20.228309506737950585 -0.90546432087013417611
1744902182.9010720253 4.4858119657307353734 -20.213831331443742556 -0.89999395328853526443
1744902183.0011670589 4.4661586147187462004 -20.203408207385749051 -0.89884023686550562626
1744902183.1009950638 4.4387737847893555809 -20.203215621373562527 -0.89486507214830002255
1744902183.2007620335 4.3970140017587562298 -20.203847029332457907 -0.8956378515605029067
1744902183.3006000519 4.3697050316894685551 -20.212319015898462027 -0.90033804777220027837
1744902183.400372982 4.3459111370689544884 -20.215076455162048319 -0.90285683878766920252
1744902183.5001039505 4.3278802753642526824 -20.221939035568055942 -0.90229255787882323148
1744902183.5999479294 4.3053396244228290257 -20.226832030360224479 -0.90293377212491177097
1744902183.7000529766 4.2796554496777652332 -20.22433218477607042 -0.90584902610605477769
1744902183.8002150059 4.2537079262299446469 -20.22694404666440704 -0.89789714025570366296
1744902183.9004199505 4.2189163281061903277 -20.223480285996757289 -0.89851638684586176975
1744902184.0005390644 4.1805720974471531903 -20.226348648631375937 -0.89842950645473274029
1744902184.1006219387 4.1462932009057453797 -20.21505031578810474 -0.89916757213554221462
1744902184.2007100582 4.1063978253172432886 -20.203810618147883815 -0.89765754687612087093
1744902184.3006939888 4.0706133822849475123 -20.195122812264937551 -0.90163171600895408719
1744902184.4006910324 4.0355285578500490473 -20.172774788656386846 -0.90264817986721423981
1744902184.5006639957 4.0119728293369973926 -20.163253006224561403 -0.89819520360026539052
1744902184.6007709503 3.9803279182763295907 -20.150671598313511623 -0.89130849819757163033
1744902184.7008569241 3.9460074352167908707 -20.116458818360175798 -0.88821794292136602156
1744902184.8009300232 3.9132097305334325732 -20.082713800779945501 -0.88198576384076066148
1744902184.9008541107 3.8824839021443424691 -20.055069453451132233 -0.88022127998337518218
1744902185.0007259846 3.8616196682262837747 -20.031096663899212729 -0.88011435055289399809
1744902185.1005840302 3.8418138150491323302 -19.999270503961749768 -0.8810697229084991644
1744902185.2005140781 3.8188695824552127966 -19.964578466245534116 -0.88533353919885471317
1744902185.3006401062 3.7959549219518406993 -19.930937819259785471 -0.87856536547209651555
1744902185.400783062 3.7737693819538300488 -19.889126184686734433 -0.87775732246060100827
1744902185.5009679794 3.759630078206081194 -19.850288234526708209 -0.87587104228497703051
1744902185.6008219719 3.7477087368687427293 -19.804932766675658939 -0.87965108248340095898
1744902185.7006878853 3.7377039143574086744 -19.762314527039414713 -0.87764029862087122869
1744902185.8006949425 3.7309430655892468209 -19.707592131055527318 -0.87874531659636834213
1744902185.9006168842 3.7210818389276600904 -19.642108717414913599 -0.87844633703188923501
1744902186.0004820824 3.7205137518623776494 -19.571369059610571384 -0.87192783075887425603
1744902186.1004340649 3.719749224992921377 -19.48162165255167011 -0.86833466245571111486
1744902186.200551033 3.7189184497061908985 -19.381352829286772277 -0.86899775418642721814
1744902186.3006870747 3.7195958634131227605 -19.260883932876033953 -0.8678449427583072584
1744902186.4006268978 3.7297294373936780154 -19.136156401717904885 -0.86801648441214795948
1744902186.5005609989 3.7415269123193422018 -19.024131209558703404 -0.86968318730322613508
1744902186.6008720398 3.7612798701347753827 -18.915194170411385954 -0.86874625122730131377
1744902186.7006189823 3.7835106279128987161 -18.805244812272423616 -0.86854684226927525437
1744902186.8004229069 3.8058864235511995489 -18.688172420833534915 -0.86702608856387242131
1744902186.9003829956 3.8212644269800817298 -18.569528116261135864 -0.86333858573275623627
1744902187.0004320145 3.8382575851315499094 -18.462809753022796144 -0.84995649618180157958
1744902187.100440979 3.8570522415783172754 -18.360045955909772175 -0.83285137182967328151
1744902187.2003209591 3.8785911380943045579 -18.255760995928550727 -0.81490676291811503518
1744902187.3003079891 3.8945809177516506061 -18.16679297769997703 -0.7933161878372940734
1744902187.4006559849 3.9027667379960906402 -18.087066303153402913 -0.78017326179250812146
1744902187.501142025 3.8981948369616490346 -18.011831248269992045 -0.7705244876635918283
1744902187.6017439365 3.8905404435575161592 -17.910882151605402868 -0.76884057274409711713
1744902187.701859951 3.882780200260879333 -17.776365359889748419 -0.76078443715513455192
1744902187.8015971184 3.8776155793898068325 -17.619480242999401298 -0.7607766389862772316
1744902187.9009790421 3.8668843193317683493 -17.457887234003898413 -0.76292059706312131961
1744902188.000246048 3.8564353204833832223 -17.315611623948637288 -0.76558592343091413923
1744902188.0996460915 3.8535846439779875006 -17.189827609921884743 -0.77001475178334144456
1744902188.1990818977 3.8467281913318918107 -17.069224982583783401 -0.77504159656980864401
1744902188.2989270687 3.839074525932631321 -16.944763312655776843 -0.77935853225791817955
1744902188.3989100456 3.8227375930358169498 -16.807842153269728414 -0.78207215004643493295
1744902188.4989991188 3.8121036577670737167 -16.674405576176578592 -0.77848470302835903745
1744902188.5991659164 3.8072174815297441519 -16.539004851762182824 -0.77549385338253218336
1744902188.6993908882 3.7958861092280855587 -16.391025743960700112 -0.77096317600307584517
1744902188.7995800972 3.7845354799452159966 -16.245377569858597155 -0.77284873405424292514
1744902188.8997519016 3.7755968545837141903 -16.097026412274534124 -0.77570030259013145191
1744902188.9999239445 3.7631762019496965976 -15.947340726636635821 -0.77265520967711698308
1744902189.1000449657 3.7504626738052677659 -15.804089624837329708 -0.76679780662476437758
1744902189.2001819611 3.7472497265988660153 -15.658680792923126646 -0.76313573646978538623
1744902189.3003489971 3.7391280730547071798 -15.510146974216539206 -0.75425739369940658641
1744902189.4004371166 3.7299986151339012963 -15.353835461556325725 -0.74374052337943385993
1744902189.5004251003 3.7208140328916381456 -15.207035624342092106 -0.74004522004128669987
1744902189.6004290581 3.7155354756611949085 -15.059146829053844385 -0.73184324119649690754
1744902189.7007329464 3.7101194094614409202 -14.905246884925876572 -0.72890180212505917279
1744902189.8008599281 3.7062804781820646305 -14.752594915883767257 -0.7226572698852239407
1744902189.900660038 3.7080483933446228839 -14.612060260461031902 -0.7166784416988948303
1744902190.0006411076 3.7116856011312640007 -14.471486139284534644 -0.70803329317639429608
1744902190.1009960175 3.720643429569336913 -14.330375415705063347 -0.70250421665626805456
1744902190.2010409832 3.7375150761084121598 -14.188199610921884641 -0.69448564827759828866
1744902190.3004100323 3.7562895324492955318 -14.046098288085216765 -0.68783844072097743982
1744902190.4000880718 3.778352492242012417 -13.909239015217478297 -0.68262795993611780077
1744902190.5001809597 3.8038413198083786959 -13.769359028184359417 -0.67935532236366114045
1744902190.6002790928 3.8285833480454867228 -13.629390553533847097 -0.67840211251699322759
1744902190.7003850937 3.8561857934012095939 -13.487392621294389983 -0.67838254348132187577
1744902190.8006789684 3.8844721139137350363 -13.342023118548581806 -0.68003771044040906002
1744902190.9009840488 3.908650697249667072 -13.209658250460872608 -0.68041962802036815017
1744902191.0012118816 3.9421958716170117931 -13.068443704948517592 -0.68087555053775161706
1744902191.1014199257 3.9768026962159650495 -12.930660155927556687 -0.66624765546863673471
1744902191.2012810707 4.0219161214560781303 -12.782082516047587717 -0.66584303699155544809
1744902191.3006999493 4.0761660118431617406 -12.636598571774197097 -0.67049048873062611076
1744902191.400151968 4.1383987621375482036 -12.486183879314989298 -0.68010699285153042304
1744902191.5000460148 4.2000924587159751411 -12.352888365637973322 -0.68565816651285649286
1744902191.6002309322 4.2694847755025921998 -12.222808574576779606 -0.68931039958487083652
1744902191.7004048824 4.3445112938769625544 -12.098822197982373794 -0.68882844019234701349
1744902191.8005850315 4.4232265480557506621 -11.982290456144943036 -0.68526832741162546636
1744902191.9005949497 4.502768377423592483 -11.874808621015747079 -0.68279005749390253577
1744902192.0004808903 4.5963518646052969885 -11.775656160261892325 -0.67996339515424675248
1744902192.1004118919 4.7003566177767543977 -11.689320679350226229 -0.65972331036552356309
1744902192.2002220154 4.8030528748435292741 -11.601648570244384118 -0.65100120246419512782
1744902192.3001589775 4.9151741254493783728 -11.517138091569984581 -0.6353733220103098267
1744902192.4002289772 5.0354723086762822604 -11.433002871136785927 -0.62741049782005087199
1744902192.5003290176 5.1672851432310400455 -11.361857123840820805 -0.62306232868734312547
1744902192.6004850864 5.3071651017541112694 -11.297633813977407513 -0.61816651907201458638
1744902192.7006280422 5.4429754796769271863 -11.235104695229090055 -0.61979064191311361576
1744902192.8006858826 5.5874003664006144376 -11.188951361586347844 -0.62081032758249421466
1744902192.9006519318 5.7278127988366254186 -11.154299652463093295 -0.62605999156930713934
1744902193.0006270409 5.8719261999430516497 -11.130285385427500344 -0.63579869543004452481
1744902193.1005940437 6.0237892957292986651 -11.118039616016831772 -0.64635033080754988877
1744902193.2006540298 6.1760467346901783969 -11.11888949183594022 -0.6606156892314807294
1744902193.3005421162 6.3281826055182266444 -11.122675048508108731 -0.67224912035867134819
1744902193.3999760151 6.4679527722913645604 -11.136145531614614512 -0.68654666093869209931
1744902193.499382019 6.5992075708886934748 -11.153061469323906962 -0.70052512763968355358
1744902193.5988171101 6.7407774861510016962 -11.16414452848539085 -0.70539554389706682347
1744902193.6989080906 6.8799907578560990373 -11.166265297456059002 -0.70700880962994927526
1744902193.8000779152 7.0215877571404794466 -11.151150230914828043 -0.70941120950693692393
1744902193.9013369083 7.1710962972444178831 -11.133791785413034603 -0.70478605137250460722
1744902194.0019381046 7.3169816090819903565 -11.118774056304143727 -0.70500977927184738103
1744902194.1019179821 7.4636803542404663858 -11.10273190493693285 -0.70140819853522917704
1744902194.2013559341 7.6084205574422059115 -11.090132918107656224 -0.69950610000280499801
1744902194.3007910252 7.7527459875378399445 -11.086412166688607073 -0.70119974518978689382
1744902194.4002571106 7.8900556283595806306 -11.081853296245489204 -0.70542278754624920811
1744902194.4996650219 8.0306003985877438822 -11.075358159920620338 -0.71367333190200643589
1744902194.5993680954 8.1853699046530632444 -11.068741717228842703 -0.72122972376788674342
1744902194.6992249489 8.3250614054850693435 -11.058827071150721721 -0.72609215371952806617
1744902194.7993180752 8.4698836211089467696 -11.049409003572073118 -0.72603690215046146061
1744902194.8995099068 8.6168658730044587202 -11.041042194530723108 -0.73276863833639938051
1744902194.9996340275 8.7550346704595991554 -11.038442863727793153 -0.74278427302606919724
1744902195.0996870995 8.8963092495145765781 -11.035581745614038596 -0.74766633475511301565
1744902195.1997909546 9.0374999769087107637 -11.030179452879417923 -0.75338950169406160295
1744902195.299945116 9.1784723641062679889 -11.026296198288839889 -0.75479728310160765226
1744902195.4000399113 9.3292116907758089184 -11.025751404680038448 -0.75968966353965705629
1744902195.5001559258 9.4766410914029020063 -11.024132771795189356 -0.76185158128780305908
1744902195.6003339291 9.6255570875674294484 -11.020366064882196611 -0.76877830713445727273
1744902195.7006340027 9.7805078836583412283 -11.01935563145766217 -0.77754132705671730186
1744902195.8007130623 9.9251127524487170461 -11.020756407034493662 -0.77762160145342928974
1744902195.9005899429 10.07139663463253143 -11.024592158835421429 -0.78090041211218230721
1744902196.0003829002 10.211955097643125256 -11.031538965335714764 -0.78542266250859893439
1744902196.1000010967 10.354862216830330368 -11.02636457038961737 -0.78891568217439178579
1744902196.1997110844 10.489874490630793247 -11.018908805622029234 -0.78548051251627826197
1744902196.3002378941 10.631890111092202389 -11.003865306423223913 -0.78051593764386351104
1744902196.4010119438 10.778360712815571176 -10.987483253835295116 -0.77970256858858510984
1744902196.5012500286 10.92752437978178115 -10.960689451050944498 -0.78148307828144203402
1744902196.6006820202 11.068460332250589673 -10.934951579688979351 -0.78168277529531271508
1744902196.700124979 11.192687656428853771 -10.906511043824805185 -0.78377446777142245615
1744902196.8005859852 11.32417134901258926 -10.863149583634516659 -0.78797873223407977061
1744902196.9013950825 11.466030676761510776 -10.821053839389112028 -0.79454272446289808673
1744902197.0016961098 11.604858532687503114 -10.782171357635590425 -0.80144781122924335648
1744902197.101418972 11.749103903249586978 -10.742732425268060936 -0.81130601056024265194
1744902197.2009019852 11.895701305029371397 -10.703508226635715772 -0.82587523718192845656
1744902197.3003239632 12.035584386352482511 -10.670820173906715667 -0.84514214212652238878
1744902197.3999969959 12.174001557305277998 -10.63929986090660762 -0.85730145275702118735
1744902197.4996619225 12.314981844171116521 -10.607819760450720281 -0.86862679263825992582
1744902197.5994710922 12.45945036858039856 -10.584350629106516806 -0.87822885675491146884
1744902197.6994419098 12.59763457083075977 -10.553256166326566046 -0.88485741272169882166
1744902197.7997829914 12.743302529085962504 -10.527040914287656648 -0.88337377783563419964
1744902197.8998999596 12.893542406102996623 -10.506332544751586511 -0.89018236405630046804
1744902197.9997179508 13.030734024035247387 -10.488358014451394595 -0.88905370127659466561
1744902198.0996260643 13.172390356864438488 -10.464777441717417972 -0.88462628642814333801
1744902198.1996870041 13.314736860789082584 -10.444480256391994288 -0.88206603804766436916
1744902198.2998149395 13.454619623979137799 -10.425440281250757835 -0.87667374425169319885
1744902198.4000089169 13.596793584321487103 -10.402450724186877551 -0.87845001403698375064
1744902198.5002000332 13.743420869918899996 -10.379864488903990605 -0.88499596720948647821
1744902198.6003820896 13.883138272295324711 -10.358655919882860275 -0.88488677033595153354
1744902198.7008221149 14.027425809674676671 -10.336488096602721498 -0.89702294013828165475
1744902198.801222086 14.170846352457864725 -10.316965610711033463 -0.90315187250256423468
1744902198.9010210037 14.316919684052692219 -10.30248169717383 -0.91133637316377247295
1744902199.0006270409 14.451017368944560459 -10.289927235191079546 -0.918484918982351628
1744902199.100728035 14.59197010578304976 -10.275310637288621152 -0.92105720782318789563
1744902199.2000288963 14.739684574224114044 -10.265464660594251001 -0.92443982702495641757
1744902199.3001201153 14.891976856974446619 -10.254956559560637785 -0.93499158923776470864
1744902199.4002549648 15.041443353527730764 -10.252854601244601795 -0.9363318834286772363
1744902199.5004270077 15.19034464032123033 -10.243862144397741787 -0.9424270758456213537
1744902199.6005809307 15.335744508261825558 -10.237780319638488891 -0.94622249663066626546
1744902199.7007660866 15.483574182929121577 -10.22962572134305681 -0.95210007029661136713
1744902199.8007380962 15.631006108906889907 -10.221746644949716298 -0.95709971635486668085
1744902199.9007799625 15.769271093224388025 -10.209067121900867292 -0.95494869219273936789
1744902200.0008859634 15.915488058597103915 -10.199750060906691118 -0.95859263027055352513
1744902200.1008970737 16.062113071801729092 -10.194156740224210367 -0.9626274478565094439
1744902200.2009029388 16.202170166590949663 -10.189740705131113074 -0.96537498027368184861
1744902200.3009359837 16.344648543490606585 -10.188003240500766111 -0.96768382030786981307
1744902200.4011070728 16.489723413023366305 -10.183436898238843682 -0.97360439017076050305
1744902200.5011689663 16.644978221130344309 -10.177005495720196748 -0.97600454615048615192
1744902200.6008958817 16.79004727904839811 -10.173317595286231807 -0.98171432415563197882
1744902200.700676918 16.937408648163124525 -10.175041219178620366 -0.99062919681457106691
1744902200.8005640507 17.07357431867229991 -10.174338053600465059 -0.9957026733715388378
1744902200.9005289078 17.211541794190136301 -10.176093647472221448 -0.99499267969801419298
1744902201.0005729198 17.353387397166692097 -10.173954988387883702 -0.99740719288165324841
1744902201.1006009579 17.496018226105181981 -10.17438888727995483 -0.99921680182837713247
1744902201.2006850243 17.647431588096971211 -10.174502897031924675 -1.0007031559840293689
1744902201.3007400036 17.793749510650002321 -10.177172471365043549 -1.0040562019236713986
1744902201.4007608891 17.937461158961319541 -10.177493300611692106 -1.0027740694742703909
1744902201.5008089542 18.067541380726162004 -10.185775348858070899 -1.0012800336640792498
1744902201.6008460522 18.203834838077295188 -10.188329600433140953 -1.0028932929476759295
1744902201.7008390427 18.341293880785929815 -10.191357163446262746 -1.0054139211265620268
1744902201.8006210327 18.487404923638138143 -10.19151968654383289 -1.0068348089240763965
1744902201.9002869129 18.630522903370291488 -10.185900184021525305 -1.004279058985880102
1744902201.9999070168 18.770566943755678579 -10.17623741297149742 -0.99996199419092612892
1744902202.0999410152 18.907788976124297875 -10.158320114851376204 -1.0029032195421669904
1744902202.2004640102 19.052616067987667492 -10.124608893472482052 -1.010614255349831847
1744902202.3008840084 19.187752129651435951 -10.087326894917142184 -1.0083201564461676814
1744902202.4009261131 19.313056733388773267 -10.038485908157994686 -1.0043392868848275423
1744902202.5008130074 19.439841862521308968 -9.981495757664381685 -0.99326193717421773499
1744902202.6008529663 19.562231017949660128 -9.9154017726810561584 -0.98448564924941661669
1744902202.7010939121 19.68257409310539785 -9.8462731036831847575 -0.98125907249519372932
1744902202.8013179302 19.80520902427693386 -9.7683729614180432321 -0.98256489360596888094
1744902202.9013440609 19.91072263968800371 -9.684961431562248535 -0.98421541105261622917
1744902203.0010910034 20.025415028505182846 -9.6042850893720981276 -0.99138698558344073852
1744902203.1007390022 20.117254404312348015 -9.5122836780396617939 -0.99191959411913521727
1744902203.2004580498 20.203812904021308583 -9.4103012028858508131 -0.99002927314222954891
1744902203.3005299568 20.283232381242093822 -9.3006380792505769506 -0.99340406822564086831
1744902203.4007110596 20.346579857093928467 -9.1714168268287057373 -0.99143324599957305399
1744902203.5007710457 20.397898068248522918 -9.039872383964917546 -0.98849615853610339755
1744902203.6008570194 20.434899481490834461 -8.9107584843316747225 -0.98476283461897784477
1744902203.7011170387 20.439371800828961767 -8.7723558275499620152 -0.9892800010299417357
1744902203.8016369343 20.423786573103054565 -8.627230642115012671 -0.98263121203875936072
1744902203.9023020267 20.405368161476197031 -8.4811535138272198253 -0.9749097028371529472
1744902204.0023078918 20.376706035683724849 -8.3305662580425732244 -0.96913678072307352096
1744902204.101541996 20.3461598480514958 -8.1823602572221929563 -0.96663837245905059881
1744902204.2001919746 20.327774104301489899 -8.0374553441501692674 -0.96533813044047978025
1744902204.2991919518 20.311075234420755464 -7.893290276711209863 -0.96774939083712041565
1744902204.398252964 20.309143930509481635 -7.7519442616276590385 -0.96103067028762512169
1744902204.4972720146 20.321638488679337087 -7.6233394232282813974 -0.95314577715586945583
1744902204.5967099667 20.324170098199818568 -7.4962616849625769433 -0.94642966003633488548
1744902204.6970560551 20.308435311107682963 -7.3636910448139394347 -0.9362602931468428924
1744902204.7983469963 20.293037162347854263 -7.2179727566718421272 -0.92816157210495131569
1744902204.8993968964 20.279045118131772796 -7.0717805656534737935 -0.92502757931795387414
1744902204.9999129772 20.261606176143938995 -6.9232660682187443513 -0.91131398360847004625
1744902205.0999979973 20.244840650397033954 -6.7782064955188543465 -0.90128495327193924869
1744902205.19987607 20.236367269887384879 -6.6365090400163495588 -0.89136750526316466114
1744902205.2999219894 20.22621888264699308 -6.497877970996023933 -0.88645265454165478314
1744902205.4001181126 20.219248156580569287 -6.3599023885980221493 -0.87989791932461236534
1744902205.5001289845 20.207236331699498066 -6.2256609772211639608 -0.87654349692066657607
1744902205.59998703 20.198219346120868778 -6.1034118803109906892 -0.87911341824869848605
1744902205.699999094 20.18364635232778781 -5.9783864596445663864 -0.87798189657490333104
1744902205.8000888824 20.168074567544476139 -5.8375308873374205376 -0.87405987557730124848
1744902205.9002180099 20.140917644510505369 -5.6747713436446014512 -0.8682057577076228716
1744902206.0003259182 20.122873441013855 -5.5144578865765909725 -0.86348501906810604112
1744902206.1004519463 20.102355434900836428 -5.3665328522266824152 -0.86185229651681760643
1744902206.2006270885 20.081629875527138296 -5.2383544609963799132 -0.86273976845257849266
1744902206.3010079861 20.071230661186891808 -5.1203066073394492008 -0.87016588465855426726
1744902206.4011371136 20.073111755003360201 -4.9977822379726850599 -0.87576106834267153367
1744902206.5012290478 20.059770620583943668 -4.8486506526033608111 -0.87634170893742735498
1744902206.6008601189 20.047780515739685114 -4.6878432381702017651 -0.87360232918646485434
1744902206.7007610798 20.048223980443776071 -4.5319551624956053715 -0.86423111527481955019
1744902206.8007500172 20.047512743724688278 -4.3855523808253193963 -0.84946399367573699468
1744902206.9007949829 20.041474393349837158 -4.2493760696770799257 -0.84356215398963241281
1744902207.0008909702 20.030982613742789766 -4.1182464846513768819 -0.83549350937521627003
1744902207.1009540558 20.026376691949757003 -3.9786981750398622282 -0.82478654429610454013
1744902207.2010300159 20.024865946139833284 -3.8344504676877413374 -0.80980350846969917367
1744902207.3010520935 20.022583730807788527 -3.6807386337749892213 -0.79879876064202448571
1744902207.4011108875 20.029451993065404025 -3.5276984662941388571 -0.78427317441687549593
1744902207.5012290478 20.032285113956096012 -3.3797347518183418202 -0.76405151319720476799
1744902207.6011641026 20.023272926846992448 -3.2339436526667695304 -0.75064602673144853462
1744902207.7011799812 20.01511230003909958 -3.0960244905963292261 -0.74247809069579351338
1744902207.8011798859 20.011027099440763521 -2.9584190350506816003 -0.72889531529804885146
1744902207.9012110233 20.006891111186480003 -2.8180684853073501017 -0.7180332301152508867
1744902208.0011970997 19.996364267362181977 -2.6732704339645625424 -0.71676840051496359951
1744902208.1011750698 19.997592159286870839 -2.5262585529228358538 -0.70461574822603056933
1744902208.2011759281 19.999209681457760013 -2.3817396110034296797 -0.70496979629263589739
1744902208.3011989594 20.008306843185451385 -2.2392429645780298486 -0.70684176612210580792
1744902208.4011740685 20.004428120555395765 -2.0977273387919530556 -0.70702118202960406723
1744902208.5012419224 19.99911522976353595 -1.9609109141532456988 -0.71919153275671954262
1744902208.6011579037 19.989908958982844922 -1.8180925787603865462 -0.72466244419094560936
1744902208.7011361122 19.977938460175028723 -1.6706916573035268669 -0.72857729582038910365
1744902208.8011770248 19.9635773881973968 -1.5211313346849921757 -0.73001302073773033374
1744902208.9012069702 19.94905612555732688 -1.3716493512037810643 -0.72387808846533308049
1744902209.0011940002 19.93437451173099717 -1.2195916610545998182 -0.70748595001955838502
1744902209.1011788845 19.92952982603999601 -1.071756808197345201 -0.70106459457108738498
1744902209.2011508942 19.930635823609616608 -0.92624743607661963463 -0.69512275607783602371
1744902209.3011798859 19.92021360838282007 -0.7819205175536468877 -0.68784288513546909538
1744902209.4011719227 19.908079900592444034 -0.63609042302366858301 -0.67610069392643779018
1744902209.5012750626 19.914945571856581097 -0.49878274425851809593 -0.66934868353911769479
1744902209.6011910439 19.902739033195334883 -0.35291398356282743798 -0.67125018384635937174
1744902209.7012059689 19.897129968759365681 -0.21021802678459844405 -0.66830918355891910654
1744902209.8011860847 19.890221786367643375 -0.06676090989387041541 -0.66278124690508488648
1744902209.9011900425 19.882793011468052669 0.07203863781260735899 -0.66188270869117871165
1744902210.0011880398 19.871936803266081029 0.21265126729588629262 -0.66038489815863787857
1744902210.1011769772 19.867177491197477224 0.3560503199232307181 -0.65586221557526658277
1744902210.2011759281 19.860758352196764775 0.49910745784751942011 -0.6528226250922581908
1744902210.3011779785 19.856483116008103451 0.63527622139883865859 -0.64998533689638782196
1744902210.4011418819 19.851409783192238478 0.77721170978868747703 -0.64085405576796494742
1744902210.5012660027 19.840209489513178198 0.91981617107514601628 -0.63083779978108001085
1744902210.6011810303 19.825369323537323396 1.0652197095418143302 -0.62244699513947310265
1744902210.7012140751 19.816254693269463871 1.2072321214805028511 -0.61605326200895604849
1744902210.8012320995 19.80262872423999454 1.3564566859334155069 -0.61102144116295165066
1744902210.9014489651 19.792884871073226805 1.5138348617239771876 -0.60276996749969646849
1744902211.001595974 19.781375606259832267 1.6703415358247557521 -0.59829848170101396221
1744902211.1013450623 19.779440593005119808 1.8188368375058368009 -0.59289415901223008198
1744902211.2007939816 19.781950388653552153 1.9590033602400842572 -0.58014720169589006904
1744902211.3004660606 19.793280923450520703 2.0960981144355903538 -0.57217402841836184635
1744902211.4003179073 19.801139766241124818 2.2346836293153198305 -0.5672253035412062605
1744902211.5002999306 19.812645868333046195 2.367947100539571359 -0.56873631263045176798
1744902211.6003649235 19.815307215757844261 2.5105318380014187696 -0.57123842508151145836
1744902211.7003610134 19.825304288785694951 2.6514033421803819834 -0.56793619959966235022
1744902211.8004438877 19.822506630395249516 2.7883393375240457246 -0.57408447703448295396
1744902211.9005119801 19.813741338725357366 2.9304051335374570186 -0.57081221028225559433
1744902212.0006110668 19.8085513976277241 3.0772164027054160762 -0.57177283982542737029
1744902212.100689888 19.808551855989435353 3.2241127941262006651 -0.5660815677932259371
1744902212.2007689476 19.807182269723980994 3.3676042644126251702 -0.56105970286924244927
1744902212.3008289337 19.80342748407970177 3.5081864050730717786 -0.55263512346793064456
1744902212.4008820057 19.804800132539089219 3.6479591767382197887 -0.54647927896920567292
1744902212.500936985 19.807305080906445482 3.7895987347163884174 -0.54068362957153370818
1744902212.6009318829 19.807598588036928078 3.9403432811278995551 -0.53700555646446890279
1744902212.7008941174 19.809280679542450088 4.0795787445441993313 -0.5335050695788738917
1744902212.8008730412 19.806043388347120526 4.2128302238482948638 -0.52392532664952973231
1744902212.9008510113 19.808962128239858913 4.3397310254019911824 -0.52487123276191005594
1744902213.0007529259 19.804685299914154939 4.4697440187549313251 -0.52124174859618543909
1744902213.1007270813 19.79342696033135951 4.6071702634082134509 -0.51265578441264025855
1744902213.2005839348 19.782801235535799833 4.7384570125912608418 -0.50404196299877179754
1744902213.3004169464 19.771185326707318097 4.8629287270700602974 -0.49612127106134457089
1744902213.4005289078 19.757138109636240841 4.9836686153842713054 -0.48784077165295636203
1744902213.5007939339 19.733534870200980293 5.0994071379405250255 -0.48160922654479998428
1744902213.6010150909 19.701673676209384922 5.2043273383726598169 -0.47983803845790073961
1744902213.7010118961 19.666167281679243217 5.3043010024395069735 -0.48478038867755557373
1744902213.8010950089 19.618925995757063419 5.4011410834729938202 -0.49838604585040563455
1744902213.9010601044 19.569242277152856246 5.4929079797153956832 -0.51648847418955867727
1744902214.0011789799 19.517405227410755231 5.5769401860775564828 -0.52064336789586806997
1744902214.1012980938 19.46059948532656847 5.6663643832212029494 -0.52261536508491091002
1744902214.2014110088 19.398764060789623898 5.7530682126235834772 -0.51468287466314699419
1744902214.3014440536 19.333276541677925309 5.8435041188715084459 -0.50188984066385133875
1744902214.401227951 19.255812092529087209 5.9311032693106078284 -0.49177011406689724593
1744902214.5008630753 19.177503296810556321 6.0166436336135067364 -0.47669769038640291692
1744902214.6002650261 19.09085528284143507 6.0897277866889716336 -0.46024830028461588549
1744902214.699901104 19.009730767366022519 6.1597397719335988953 -0.44707420475057813025
1744902214.7997450829 18.918826341137105373 6.2161935374969514712 -0.42746000201203893099
1744902214.8998780251 18.820256380538609164 6.2667161622699110168 -0.41620128841196696312
1744902215.0001471043 18.729941481220460986 6.3079622921501448118 -0.41247440204033813949
1744902215.1005570889 18.617179190960985835 6.3415248035291620354 -0.41148924980196094348
1744902215.2011649609 18.497448717369593396 6.3655275309730372513 -0.41406419577962705336
1744902215.3017818928 18.370737379027904268 6.3693757485096140769 -0.41563313998273498928
1744902215.4020469189 18.245475004672748298 6.360029044852396396 -0.41945334080602852955
1744902215.5015130043 18.122759753380133674 6.3421441521656003459 -0.42168319678573534803
1744902215.6003611088 18.005153689999385591 6.3207128325966293048 -0.42238230756736866445
1744902215.699600935 17.900184643705706833 6.2949678708857019771 -0.42476755788873349351
1744902215.8001489639 17.782779099709198789 6.2497163947551523933 -0.42110364127952082391
1744902215.9012000561 17.666612508591107655 6.19619881745993073 -0.41712491522746608652
1744902216.001832962 17.538590615213486501 6.1533017244270267199 -0.41096786918220939988
1744902216.1017830372 17.41294123248786363 6.1133706564204217671 -0.40276162394087916541
1744902216.2007930279 17.285866932356444892 6.086635961630476821 -0.39890976449360177059
1744902216.2996408939 17.161293131055032291 6.0735580639916859624 -0.39708094444189223626
1744902216.3984770775 17.026620741772880763 6.0631405960144402201 -0.39263741597412699091
1744902216.4981648922 16.885145224375591511 6.0518373025839737878 -0.38371370451405462099
1744902216.5982170105 16.7356949548556031 6.0420955799678672804 -0.37647693333598630794
1744902216.6984660625 16.592420431169713879 6.0325106356582267608 -0.37553952908208548811
1744902216.7988789082 16.454278896442087188 6.0160903335817081938 -0.36579662635868975817
1744902216.8992938995 16.3133958131262915 5.9981653452807206506 -0.36139817102302995711
1744902216.9997270107 16.171548693547919129 5.9739761277599230382 -0.3541012106427119388
1744902217.100137949 16.02302731841801986 5.9513360287447749641 -0.35363762119819086571
1744902217.200414896 15.878390192878388376 5.9326686593950324067 -0.35262845474027898485
1744902217.3007159233 15.729619275881066898 5.9199846611159676613 -0.35298036819069195102
1744902217.400799036 15.586294839638537013 5.905810298742588671 -0.34808839592540702368
1744902217.5007200241 15.443694081884034475 5.8961750350690529388 -0.34265603874360894832
1744902217.600687027 15.301926412274847067 5.8875465307107193169 -0.33930498784391421863
1744902217.7007200718 15.158641076084057531 5.8774531221160470906 -0.33429702034751401785
1744902217.8007309437 15.014570115155173369 5.8737620756882913398 -0.32919949835078388123
1744902217.9007849693 14.864895197262075754 5.8686804086750772314 -0.33067882826888583825
1744902218.0008831024 14.719395565509657331 5.864520592823860845 -0.32866647740085208618
1744902218.1009500027 14.571561788395717585 5.8638435665793107177 -0.32406018023796068217
1744902218.2010679245 14.42640068068353365 5.8624116565511457111 -0.31566170908685392549
1744902218.3011300564 14.284817495074968008 5.8594800743367505547 -0.31253278706315262836
1744902218.4011828899 14.138241280441414816 5.8543149287809699288 -0.30978038219318054791
1744902218.5012919903 13.992125924748451737 5.8423726294738198561 -0.30656805608726417356
1744902218.6012809277 13.853515505215819203 5.8324830875534070529 -0.3049795445095290769
1744902218.7012929916 13.712157069918893271 5.8246469768251278865 -0.30150487386545665736
1744902218.8012869358 13.571726904959202642 5.817301506472860595 -0.29879750773542229636
1744902218.901309967 13.436814720832874315 5.8073118190051014054 -0.29420284169600624535
1744902219.0013189316 13.299467473825506758 5.7983699623697946279 -0.28246302214228669047
1744902219.1013009548 13.150643414827055011 5.7909456508312509015 -0.27298210799903399604
1744902219.2012889385 12.999410432577709784 5.7806877712730226904 -0.26408705140232258124
1744902219.3012690544 12.849915663492382123 5.7727353524758671099 -0.26218291086594752715
1744902219.4012880325 12.701874228598246219 5.7676161524541296188 -0.25920014262444901476
1744902219.5013229847 12.552400733173385561 5.7610151935502891263 -0.25623247869063214832
1744902219.6013150215 12.402270268318014601 5.7520248280378609707 -0.25244309364929712336
1744902219.7013950348 12.257426440258047506 5.7460427172495460724 -0.25525866008282571684
1744902219.801363945 12.108170519132613663 5.7453533858105139132 -0.26023674197701274213
1744902219.9012811184 11.970256518992501427 5.7424245017897659338 -0.25718095276608293753
1744902220.0012309551 11.832971924793273644 5.7386223644791467535 -0.2543151165618560694
1744902220.1012101173 11.693774985575371872 5.7373130074697833436 -0.24541328638424750319
1744902220.2013440132 11.556479999784860624 5.7299628048430637506 -0.23432913662459717297
1744902220.301377058 11.422059117667798134 5.7249613614927525873 -0.22442404250806682886
1744902220.4012830257 11.284380515615712426 5.717628915157555447 -0.22687527216901101634
1744902220.5011050701 11.164800372366356029 5.714856266819032804 -0.23360653903903158546
1744902220.6010930538 11.033330674171242691 5.7171648216963726341 -0.2311715956874270117
1744902220.7010729313 10.885755005855260791 5.7154784063880450518 -0.23816259270116282853
1744902220.8009569645 10.737048453357024513 5.7275296334659975273 -0.24031829591179415528
1744902220.9010128975 10.598803222582075634 5.7444456734090065808 -0.23823338597468848854
1744902221.0012080669 10.468659046531161749 5.7495732113389159679 -0.23672487454849042154
1744902221.1013050079 10.356427422578679653 5.750519797015342327 -0.23200830063851968221
1744902221.2014110088 10.248052702518430479 5.7511624423034088949 -0.22622713349095713298
1744902221.3013939857 10.131606566881254494 5.7482059326130148236 -0.22036850371449212549
1744902221.401376009 9.9971392804749914518 5.7460790038230218357 -0.21755243354493669639
1744902221.5014081001 9.8462468544122501157 5.7356903063549324884 -0.22130543666496335642
1744902221.6014230251 9.6975817969493132154 5.7254840284811132634 -0.22722186481773110067
1744902221.701335907 9.5486837377132474103 5.7172467711755645681 -0.22726383110987641301
1744902221.8012650013 9.4039344315324644441 5.7100148314116756509 -0.2195537261324078393
1744902221.9013040066 9.2459738570587823858 5.709743264307887145 -0.21347036472998723311
1744902222.0012900829 9.1030438561579121171 5.7014363366678315614 -0.20472617622717043107
1744902222.1012609005 8.9618641424757861103 5.694546914400237192 -0.1909740754085383907
1744902222.201253891 8.8280201466664802723 5.6892585770723407279 -0.17527951812831923939
1744902222.3013100624 8.6922716193497571169 5.6904732460140170502 -0.16695221133144097503
1744902222.4012770653 8.5525885383113244842 5.6927419448958920256 -0.15647959899478616763
1744902222.5013439655 8.4146147133883424374 5.6884552407564141774 -0.14748155668404594465
1744902222.6013329029 8.2663239767287599591 5.6860548796536294347 -0.14381155562507214052
1744902222.7013430595 8.1222471575097650032 5.6841941897441481402 -0.139434378892216021
1744902222.8013250828 7.9796164844979653452 5.6851228535014257659 -0.13754799313591903331
1744902222.9013450146 7.8368836494160944994 5.6807322403604629812 -0.13471870864185586658
1744902223.001281023 7.6923263252473121909 5.6744010396928015183 -0.12568639137788795157
1744902223.1012198925 7.5438680837819811487 5.6644895579572498434 -0.11880774368705331046
1744902223.2012250423 7.402413829390239286 5.6546929376039916093 -0.11387152509941168843
1744902223.3013319969 7.258864268834775757 5.6467011180673134518 -0.11289708615473845188
1744902223.4013290405 7.1220851107608060815 5.6434041882040215654 -0.11493003853928061841
1744902223.501447916 6.9805007913125303176 5.6390743920638382036 -0.12739149707273539347
1744902223.6012189388 6.8394233774563826245 5.6315799808053830233 -0.14181265819092866987
1744902223.701253891 6.6882071455281639771 5.6167659461104371132 -0.15136146265219890816
1744902223.8013699055 6.536173911245401591 5.5993246028694541039 -0.15750239878179825292
1744902223.901473999 6.3839256477537791312 5.5816263958296614689 -0.15333029627383829019
1744902224.0015380383 6.2347690794021763949 5.564420133039400973 -0.14824627849991936501
1744902224.1014699936 6.0974532615604033481 5.5469256027879447757 -0.13994484630421591409
1744902224.2013249397 5.9688288854357827162 5.5346057109055450951 -0.12884042310066301518
1744902224.301222086 5.8363209331531624713 5.5248872660307277727 -0.11642561376543948681
1744902224.4011418819 5.7009249836145112766 5.5178694108560586429 -0.10298610139589685353
1744902224.5010969639 5.5622411276079750664 5.506207341619618667 -0.091184946283908774323
1744902224.6013329029 5.4181565207718129784 5.4977617572256685108 -0.089206339341511717289
1744902224.7017939091 5.2808598440996998846 5.4862618631751098874 -0.077573328489775897343
1744902224.8016569614 5.1500645216652563008 5.4934366074723257611 -0.064701719403393864738
1744902224.900906086 5.0198667052287220258 5.5119913650061551635 -0.048425739149403866646
1744902225.0003240108 4.8838761847905045599 5.5232777951672948902 -0.037202404951982188941
1744902225.1001060009 4.7448623316399665129 5.5294685281171869207 -0.027595037550913460028
1744902225.2001171112 4.6010129437870022073 5.5247589604654470108 -0.022834492174128008524
1744902225.3002669811 4.4462792503176187253 5.5184939498845606565 -0.019530541365613066085
1744902225.4004170895 4.2909476356213156478 5.5123924015680145772 -0.02194105525406337201
1744902225.5006439686 4.14961896556287968 5.510595155210733509 -0.01746769276252283648
1744902225.6007950306 4.0067127588080264644 5.5083604206899314804 -0.016158659532599345399
1744902225.7008860111 3.8561826600784629981 5.5036044528146073063 -0.022692578428005712177
1744902225.8010210991 3.7090479304617729461 5.5014044872769876093 -0.027538546025639858844
1744902225.9010829926 3.5536033850184876037 5.5027416686219687847 -0.028515102862299072928
1744902226.0011239052 3.4046004000083587293 5.5048472024737513664 -0.025930981731745669783
1744902226.1011419296 3.2540759457563153134 5.5013716496432207848 -0.019698836644496366816
1744902226.2011930943 3.1076808709735317393 5.497227316937491004 -0.020955759840946958789
1744902226.3012309074 2.9614438308470809602 5.4902745853925161157 -0.022411619328412363955
1744902226.40122509 2.8146866440865556669 5.4813168435559482816 -0.022079676756934070447
1744902226.50147295 2.6683906531238745785 5.4784305362312615273 -0.018271738153601013027
1744902226.6013009548 2.5235548882887219868 5.4793125136109237516 -0.026515241366302341047
1744902226.7013199329 2.3734131912167892864 5.4821064895474931333 -0.035841490496556868695
1744902226.8013169765 2.2267770107361077869 5.4919628512839713252 -0.03783278351414312568
1744902226.9013369083 2.0821743392758467195 5.4926062815099951919 -0.041423249849731891281
1744902227.0013020039 1.9361948320090192066 5.501372284847985128 -0.042035746084012275137
1744902227.1012220383 1.7914923762716805644 5.5060735945456187324 -0.033687683930638291641
1744902227.2011289597 1.6469261878511731734 5.511049021345785448 -0.026246815705241909739
1744902227.3009910583 1.4995366349875380862 5.5129982929725898089 -0.01600597097957621312
1744902227.4009160995 1.3644081114921757791 5.5122833940096658267 -0.01125425966983602602
1744902227.5007379055 1.2453196068350942394 5.5063953025310974354 -0.0035697778960636478672
1744902227.6005620956 1.1372266652296638689 5.4994050299069376919 0.0040951676630512842681
1744902227.7005829811 1.0274710096542516435 5.4716095184347111058 0.0037175600862371397867
1744902227.8007249832 0.92240129846190299645 5.4347371310481822348 0.009180519459861874107
1744902227.9009859562 0.82635824949458303035 5.3982027733190953711 0.015423547094981466393
1744902228.0013010502 0.73508235784757747222 5.3429404881668469685 0.023089803066391627329
1744902228.1015479565 0.63980612113687818088 5.2784276549875110973 0.02261432549989911972
1744902228.2015628815 0.55485977026325283834 5.2153972006317603771 0.018726564318384750218
1744902228.3013899326 0.47600664431292222245 5.1458115624172240388 0.017407312655742711305
1744902228.4012329578 0.40295675554503901372 5.0747556034884082621 0.0086628850435569865196
1744902228.5015239716 0.33707800706073054453 4.9999086408316513186 -0.00024976796635780749122
1744902228.6014809608 0.2843867629387793472 4.9196572030769276651 -0.0026262268296004392942
1744902228.7016539574 0.24046228096165553345 4.8420067985900825391 -0.0045748192368229162463
1744902228.8017380238 0.2053218498494169264 4.7567254651054957648 -0.010637433800657281752
1744902228.9016339779 0.18664337801510194614 4.6718402467409720913 -0.013211824126509123106
1744902229.0014638901 0.17423795457289426025 4.5825827678723936032 -0.013150043337580239952
1744902229.1016490459 0.17926162837451165011 4.4822363634769830654 -0.0099632997207025515707
1744902229.2021720409 0.20110232945898265378 4.3621106557214446298 -0.0090417114796851813519
1744902229.3027739525 0.22355213272297327909 4.2242154237165703279 0.001070345491704838628
1744902229.4022700787 0.25896436781732723453 4.0862611972122557802 0.010316800561191812741
1744902229.5011160374 0.29360112356196532701 3.9535190241669373457 0.020639019377789370735
1744902229.6001529694 0.32230125262945358289 3.8184059286789060472 0.029990390756534892475
1744902229.6995611191 0.33973057176984872152 3.694226814172698159 0.029140191090578446836
1744902229.7990040779 0.35893868137372625382 3.5642544288269730757 0.01533063309485428044
1744902229.8982279301 0.37975031840957357288 3.4524245721642397022 0.005721694872869529519
1744902229.9977099895 0.38333273339846479777 3.3360433452330751081 0.0064025359007812733536
1744902230.0979690552 0.36986493112486390489 3.2101698350566634232 0.0060993953808436036923
1744902230.1985969543 0.36647726323786855573 3.0826188323651182444 -0.0010013395521339184084
1744902230.2987840176 0.36159362807710093701 2.9655359427293239705 -0.015722561839533685107
1744902230.3988358974 0.35389632197893700072 2.8391039525700856316 -0.032506294127994675436
1744902230.4991939068 0.34573720577318772795 2.7172719278771260143 -0.034134133096828216114
1744902230.5997068882 0.32865464947527439632 2.5964005768581408518 -0.040883516942808541261
1744902230.6999349594 0.31396864006413782722 2.4871054341460427928 -0.044294498058388781514
1744902230.8000380993 0.29772211809690085627 2.3730328382498675488 -0.048059726132763720685
1744902230.9003379345 0.28272368203782799467 2.2523748738896589572 -0.039720301747567327011
1744902231.0004599094 0.26129311330610865971 2.1324503785215593865 -0.045311652750132783152
1744902231.1004281044 0.24317740036791130054 2.02242214116572816 -0.049056284737342796543
1744902231.2004139423 0.22572771384364637148 1.9057801543184726967 -0.066080426159720026535
1744902231.3005239964 0.20870961853607375436 1.7987584255383324283 -0.08445841785522685552
1744902231.400703907 0.19329163234004292926 1.6886567426276124504 -0.095675016385558309118
1744902231.5008440018 0.17505714835599173185 1.5864136174467113882 -0.10644071441170305237
1744902231.6010029316 0.15763604635960948297 1.4768292682987234077 -0.12221979061715106119
1744902231.7011520863 0.14147522386699803998 1.3726797907173464708 -0.1288091740372020455
1744902231.801265955 0.12038232043070215549 1.2663091195143649781 -0.13561295208971924087
1744902231.901335001 0.10286695279558492888 1.1629640501682005915 -0.1388607176929857745
1744902232.0015659332 0.082910184162198100055 1.0522814357152183717 -0.1479089917151057143
1744902232.101667881 0.060925969700108974225 0.94993681737856083824 -0.15670396191567173561
1744902232.2013230324 0.034839961490142686007 0.86488374316658078733 -0.16387853333600915784
1744902232.3007800579 0.015444606486724032218 0.77139466871235318202 -0.17116868516464855965
1744902232.4002139568 -0.0091382184563228927021 0.68628114031413389728 -0.1628432030628805538
1744902232.4996469021 -0.02755307082860039905 0.61492054890198066808 -0.16096696341978808387
1744902232.5997540951 -0.042742118386615388093 0.55009927382090817449 -0.16310285885454867127
1744902232.7002739906 -0.046932572252915298605 0.49184640080175190402 -0.16825527947289631303
1744902232.8009569645 -0.039433070883252270555 0.43796455973790698879 -0.16636595516192959066
1744902232.9015779495 -0.035049784268175544766 0.36982276149650877839 -0.16699132623999052294
1744902233.0019040108 -0.028785287749398195956 0.28914182665568732844 -0.16127015560404306393
1744902233.1018710136 -0.027042231117084515601 0.21263218387013052557 -0.16112748599766260615
1744902233.2015459538 -0.027746587526201339086 0.14073377588970387153 -0.16148120762542414464
1744902233.3009769917 -0.029094858257871007018 0.093474483729177437752 -0.16202662377122642456
1744902233.4004220963 -0.029583063326761124823 0.060992113643211651186 -0.15923285806272458043
1744902233.5000519753 -0.027919741521964462627 0.047865665464292890541 -0.1563260325186769939
1744902233.599834919 -0.034174484614317747477 0.054183469294721564591 -0.14814342401542540673
1744902233.7002410889 -0.036641577725683570355 0.058138087947373531805 -0.1516087818785241681
1744902233.8004519939 -0.036031028940273102101 0.067851247816716628303 -0.14738000295428646536
1744902233.9005460739 -0.033617722046027434524 0.050627969229744052004 -0.14307713923286072277
1744902234.000592947 -0.029982154855456889797 -0.0077497889364462379039 -0.15013138643185167109
1744902234.1007010937 -0.028242906432723150628 -0.056132453374763156828 -0.1552175267420933813
1744902234.2008171082 -0.031392765447481790764 -0.059655800491953993314 -0.16796799833626541165
1744902234.3008050919 -0.032781450216485222282 -0.053897361855038065925 -0.16574118169140827916
1744902234.4009110928 -0.03292760706589455133 -0.050988286048898191771 -0.17211636530191856687
1744902234.5008409023 -0.027320903402918785691 -0.043089802758904220681 -0.16693779033992497962
1744902234.6008820534 -0.02135438300166516909 -0.043136279959108222992 -0.16706127906845832931
1744902234.7010910511 -0.015557582444386727424 -0.041133732774871013815 -0.16895013897082733489
1744902234.8017530441 -0.015803659386948987892 -0.054566347750382944437 -0.17814734619556199524
1744902234.9024689198 -0.019636552973069827666 -0.066183591092094082309 -0.18722674477714337793
1744902235.0014419556 -0.011855495788777828392 -0.03795468403500280169 -0.1768593858920688433
