1744901870.2077560425 -9.0539608372458362483e-05 4.6140637024401607604e-05 -0.00027615863629276135366
1744901870.3077828884 0.0012459276127010573965 0.17605522015942226544 0.041438493437600774916
1744901870.4077980518 0.013430973620761964965 0.17735104503450999092 0.06480641032511710864
1744901870.5078589916 0.013124417953639852183 0.16955129002207486311 0.059501598609405410845
1744901870.6078150272 0.015229671696751455323 0.17417484501944222042 0.04750313387604826465
1744901870.7078199387 0.0084979967193240940615 0.17551478263455588813 0.045785760572383808753
1744901870.8077960014 0.0079293821782896872774 0.17747437102487459426 0.040080038239282050894
1744901870.9077370167 0.0056071178800272455239 0.1863450154432131356 0.037667619094867953178
1744901871.0076980591 0.0065203743670171733851 0.19140371148309148763 0.035441965058046129289
1744901871.1077029705 0.0088310674726691223285 0.1994488953505041684 0.03616731498925288002
1744901871.2077300549 0.0060210857301381389903 0.21190951777508329479 0.036364211796095412266
1744901871.3077011108 0.011856257802131847309 0.23358864209968283054 0.041774878802317831628
1744901871.4076840878 0.013631397896698899119 0.25219899063958406416 0.0499475906448317436
1744901871.5076949596 0.015041816766676794487 0.27230776627757347086 0.051368105771625274802
1744901871.6075370312 0.013290031589290231956 0.28582135055710311544 0.052362620497554107635
1744901871.7075109482 0.013353568346255744251 0.29457769641596182053 0.055529547096679288121
1744901871.8076229095 0.010369175921835583135 0.30826337467610953613 0.060399000202287993211
1744901871.9077088833 0.0067264380314089391999 0.33141451877771660461 0.058792348377704042872
1744901872.0077569485 0.0031602631076346086522 0.36540516094780856049 0.059572439578708100139
1744901872.1077859402 0.0011713647302350263524 0.40329530343732489239 0.062822469185307580619
1744901872.2077820301 -0.0022894627691812195064 0.44353022297486172087 0.068521497032068973132
1744901872.3099479675 -0.0032574188500247179198 0.49247832758709902956 0.069066559090835880075
1744901872.4075460434 -0.0034896687126827773996 0.54789996267527707463 0.070299746103724317092
1744901872.507652998 -0.0059155549112036784343 0.61276531026324676521 0.077113376707221292783
1744901872.6076390743 -0.0073421878465983045001 0.68059205414571344317 0.074324186074501849553
1744901872.7076818943 -0.014537862284516075984 0.75084329528792448372 0.069283732111185630798
1744901872.8076310158 -0.019607343240490748143 0.8122665954145251721 0.071290841610334790279
1744901872.9075829983 -0.022479503782252947819 0.8691600752265324914 0.073249538306851560976
1744901873.0075609684 -0.027361319475801244155 0.93066833737447940411 0.070809638265263555312
1744901873.1075119972 -0.032607049749345785872 1.0063759175100883692 0.077634030782993412867
1744901873.2075240612 -0.04155388817180707961 1.0910684293764041364 0.074978691260547986053
1744901873.3075799942 -0.047173610402863032365 1.1827388171887618373 0.08054714738841924071
1744901873.4075639248 -0.054299158833689860348 1.2719827259433944544 0.08683881268179860502
1744901873.5076489449 -0.062617687369420790833 1.3594915382265984061 0.095029814904631276784
1744901873.6075398922 -0.072381772591201612443 1.4415007716150598505 0.10055884952999911974
1744901873.7075519562 -0.079534932436220839858 1.5219579179351800935 0.10146415239015128817
1744901873.8075220585 -0.087528969340575940583 1.6108859269657194169 0.10189407874738472259
1744901873.9075350761 -0.091662730002455311551 1.704049748215014759 0.10919991866992712071
1744901874.0075631142 -0.097900367580927030731 1.80265898683363468 0.10597398872129489
1744901874.1075320244 -0.11108884161260046408 1.9005999732339391439 0.1130785018548229881
1744901874.2075409889 -0.12486153886544057445 2.0018664049229855095 0.1113677698028018026
1744901874.307528019 -0.13891952107754193535 2.1100923564462954474 0.11642776168239511725
1744901874.4075069427 -0.1531120848942468804 2.2259244754132119226 0.12224160248173486509
1744901874.5075750351 -0.16962815800236250019 2.3519991990576532004 0.13091443084583836987
1744901874.607503891 -0.18238928651577476781 2.4885686720706687858 0.15126202016523609961
1744901874.7075009346 -0.19062707236503911856 2.6277113149495576749 0.17044299897810727407
1744901874.8075859547 -0.20038895356043662233 2.7672756792253960789 0.18963770968184831545
1744901874.9076149464 -0.21300565176422511793 2.8987444643344710826 0.20560505311408888707
1744901875.0076479912 -0.21866364401828186637 3.0303609741932158173 0.22074994484661950023
1744901875.1076738834 -0.22463716654570145548 3.1650453452215416839 0.22650000383240434521
1744901875.2076189518 -0.23660456150999187308 3.2964213723188198202 0.2277372006026133211
1744901875.3073329926 -0.25174485349789349486 3.4303164011533411326 0.22321072899823951596
1744901875.4071249962 -0.26056097844803821628 3.5701333326392830081 0.21020103535873055356
1744901875.5070939064 -0.2544749577707445809 3.7250460435179331142 0.20631070997975295422
1744901875.6072659492 -0.25649763551433063524 3.8729053183554782436 0.19286553540317802335
1744901875.7074260712 -0.26083164918479928573 4.0012505271662393014 0.19730983948226299418
1744901875.8076200485 -0.24993236440211460958 4.1185320985668640859 0.20800918743712584758
1744901875.9076418877 -0.22641781627018753298 4.2268598803379058282 0.23031991572764523579
1744901876.0070810318 -0.17953716586351153861 4.3415931368847280325 0.24968808978060100245
1744901876.1067090034 -0.13449865787051829003 4.4671745987881212869 0.24422284269923477673
1744901876.206537962 -0.098403765969664658275 4.6054968659528272568 0.2358664075496560153
1744901876.3063929081 -0.062069091826467741313 4.7408520134918274991 0.24050385281851355268
1744901876.4064240456 -0.023427289371821265196 4.8672281314039205213 0.25464934012862500134
1744901876.5067501068 0.016037657597978299123 4.996368499903967475 0.26530373597990047907
1744901876.6073360443 0.077696199303978419337 5.1244873240717829788 0.264355144908697548
1744901876.7077960968 0.1322553943460419712 5.2504317222598029247 0.26662862251640656597
1744901876.8079659939 0.20448490392149118455 5.3659587284343075453 0.272095186404410605
1744901876.90772295 0.29011350212789038805 5.4682987500744060227 0.27153824989551134106
1744901877.0071439743 0.38486567846381736224 5.5579562472398018613 0.2804602652544087027
1744901877.106564045 0.49646371745441175705 5.6510781993345622354 0.27299291878039871895
1744901877.2057700157 0.61059034830082514755 5.7233377555471776077 0.26741665402115327721
1744901877.3048160076 0.74241095475140839177 5.7879518691780136308 0.25603394135357171457
1744901877.4042909145 0.873006201213262778 5.8309063243966212653 0.2493493301513402538
1744901877.5046830177 0.99777482162481023753 5.8720698148376930803 0.24280916079640538219
1744901877.6054770947 1.1315243929008669266 5.9055794183796139762 0.24339480729900078715
1744901877.7058238983 1.271632945720900576 5.929338840629903018 0.24074969630166290213
1744901877.8057088852 1.4108856055742782232 5.9426083211049176569 0.2310260623181789319
1744901877.9055280685 1.5410563054464101462 5.944311622547216345 0.22694785788962451578
1744901878.0055420399 1.6741646785697805733 5.9558194845625083147 0.22682570352095871025
1744901878.105659008 1.8054238730022795778 5.9702590940222943772 0.22453607367606240319
1744901878.2059390545 1.9347414188071598851 5.9773153807027981088 0.22485899494215200178
1744901878.3063399792 2.0659331212175993109 5.98800871214998498 0.22435111176794958476
1744901878.406678915 2.1964023300899131463 5.9998274724086533283 0.22541995536776021636
1744901878.5068869591 2.3335385742892862382 6.0169017226603740411 0.22328252196098460902
1744901878.6070981026 2.4605983650740474999 6.0271627722402447702 0.22270420891052911117
1744901878.7072870731 2.5823395494116985205 6.0448147000385681338 0.21966417813508953838
1744901878.8073439598 2.7047588911663553723 6.0623542587802274895 0.21426495895390640367
1744901878.9074380398 2.8414702218814671397 6.0808779157425787432 0.20372628743826148856
1744901879.0077149868 2.9944416907919246817 6.0961607769262746714 0.19520225847681757503
1744901879.1077320576 3.1483411011282820269 6.1080620220583563551 0.17579681319373860471
1744901879.2071969509 3.2848436820304778294 6.1193951171426768099 0.17371375816249612356
1744901879.3062310219 3.4179056879692581994 6.11797765056207421 0.16951015272308317394
1744901879.4056329727 3.5515333532757047408 6.114858026293636506 0.17218417743727162939
1744901879.5053780079 3.6861395107023082751 6.1225912102357051836 0.17813329799883614868
1744901879.605355978 3.825190869210445932 6.1242437190298151251 0.17779341100606635417
1744901879.7054181099 3.9673082491653528514 6.1289061759051683964 0.18516390586394188
1744901879.8054120541 4.1074004894013578237 6.1337580655699621701 0.17700192275266471431
1744901879.9055221081 4.2438448109552071585 6.1472111501338586592 0.17136287185775159192
1744901880.0059850216 4.3709759810535038227 6.1686990073378860089 0.16762092981770582156
1744901880.1064519882 4.5026691762674282415 6.1872145965706337734 0.16355057501822059529
1744901880.206938982 4.6428673825190696078 6.201459196922645134 0.14977933138908927635
1744901880.3073670864 4.7923195929777984148 6.2159690945874306323 0.14537590193288327245
1744901880.4075129032 4.9456167696273425349 6.2252096486521013574 0.14328624062170267073
1744901880.5074169636 5.0873421308243997885 6.2244418725675245696 0.1421658825795370229
1744901880.6066749096 5.2236772433297460339 6.2210903096441390048 0.14141428279135911938
1744901880.7060530186 5.3613046965852912962 6.2170848174181081447 0.13855018747429551085
1744901880.805740118 5.4953763239514712424 6.204295474553430445 0.13670612945319479681
1744901880.9056959152 5.6322652449447510037 6.194803266445170209 0.13297946686159545227
1744901881.0058410168 5.7693885090309606767 6.1924745625330874788 0.12757104316535375355
1744901881.1060299873 5.9024055340140444414 6.1892706575284988091 0.11927582808643379109
1744901881.2061550617 6.0343869590571568295 6.185113846387746861 0.11597373194899501803
1744901881.3061060905 6.1753706180867045106 6.1895329320880811963 0.11303109504451204492
1744901881.4060659409 6.3080465796819620294 6.1956573786398374537 0.11262317951863905219
1744901881.5063378811 6.4440302039054628835 6.2109411056685708274 0.11162794437937062497
1744901881.6066200733 6.585916009533102411 6.2209052230605879075 0.10494138404381575524
1744901881.7068800926 6.7266518540556212713 6.2333094410337439584 0.097924953401686665178
1744901881.807033062 6.870430472028436597 6.2474433778791391703 0.088285109504294786986
1744901881.907075882 7.0174991244688325054 6.2570938648051708242 0.088225180543730449823
1744901882.0070691109 7.1668049915014000462 6.2661191841450003537 0.085395531971666938098
1744901882.1072049141 7.3153516500830404468 6.2744996459102555519 0.086141009308612126461
1744901882.2074730396 7.4637483186788360356 6.2750330678016625896 0.090973220012868630246
1744901882.3072481155 7.605619808936017634 6.2735062969019166346 0.09451205800248584088
1744901882.4067099094 7.7417610311845361792 6.2714365702947327819 0.097950194144262883733
1744901882.5063400269 7.8786557832466019846 6.2696325791438960451 0.095378436209567277193
1744901882.6059410572 8.0137426042950341554 6.2710176099697916285 0.098711269211689753322
1744901882.7057321072 8.1517481245438183635 6.2688599165139642366 0.098054096483246616645
1744901882.8058469296 8.2973130772690062429 6.2741058687207988953 0.10538719053068384968
1744901882.9061200619 8.4408437814499119867 6.2800477915146375452 0.10889766209744551617
1744901883.0062870979 8.5756712340761502844 6.288375940460745106 0.11240168377214279638
1744901883.1064710617 8.7108423255293416787 6.2995234138511486677 0.11257788542055983949
1744901883.2066440582 8.8517815236139316681 6.3140343302082255761 0.10861375524982780361
1744901883.3068509102 9.002287736956898101 6.3161215912129389238 0.097720042594108949552
1744901883.4068880081 9.1579949668533320306 6.3140045750975888339 0.086431485169895766463
1744901883.5068039894 9.3057488204272047483 6.3181286336224387057 0.072732819552597610668
1744901883.6066689491 9.4510689383387500584 6.3260228743559379083 0.061046935809227161063
1744901883.7065639496 9.5898089481438084647 6.3321630266003552379 0.041094034616560061457
1744901883.8065910339 9.728038977590543368 6.3317368144057564194 0.028865272056309967952
1744901883.9066500664 9.8625439322147823162 6.3347565567284416232 0.021158687611884472585
1744901884.0068149567 10.004543875667655684 6.3413251253670921415 0.014558652415091116045
1744901884.1070330143 10.15078813507647304 6.3459078776135164901 0.007866717949465926521
1744901884.2070500851 10.290510784014990975 6.3525581101875445711 0.0095455928678066237492
1744901884.3069489002 10.426480038016675778 6.3588886381762623756 0.0066693657970918873018
1744901884.4067130089 10.559819639113882772 6.3619408245266901858 0.0076524411525820505708
1744901884.5065689087 10.698133351392232981 6.3644771798016206432 0.013335345584198235111
1744901884.606564045 10.83480498852137508 6.3720676764972274952 0.019393649952587427993
1744901884.706651926 10.976812805673537454 6.3843456455065199506 0.024921477420043081086
1744901884.8067069054 11.124432470418543772 6.3982378852374326428 0.028183545313765018259
1744901884.9067800045 11.273629601168007497 6.4059271132116553105 0.024482809732985263973
1744901885.0068240166 11.422085357996847321 6.4158811165096905071 0.031330044662745873407
1744901885.106842041 11.565869208603327678 6.4270172497190340977 0.040219064306316505697
1744901885.2068190575 11.703738872207756216 6.4348782178881416272 0.053932602674677920795
1744901885.3070340157 11.847166333118940074 6.4463108831856388292 0.043532940127070603176
1744901885.4072260857 11.991438105036138495 6.4492674411930925871 0.021574078775486976722
1744901885.5069859028 12.140467420322087477 6.4521726600172568666 0.0046096845022700009414
1744901885.6066060066 12.283790838823353653 6.448288584108797572 -0.0053236503950754195114
1744901885.7063350677 12.419441543936812877 6.4414418576958816232 -0.009508063402375522416
1744901885.8061730862 12.561061248381079736 6.439131215906480854 -0.018737787910857027496
1744901885.9061419964 12.701052731907534366 6.4355792940184661788 -0.030116439212318414642
1744901886.0061728954 12.844520910807570857 6.4312806640419104554 -0.043393583797111300038
1744901886.1062450409 12.989948428231663513 6.4298962254421221374 -0.062348768569233957437
1744901886.206305027 13.130335441912185601 6.4268054364760800468 -0.078454538356838618429
1744901886.3064169884 13.273275150896450825 6.4269023596775625151 -0.090342726909532711232
1744901886.406537056 13.415733133600548754 6.4256123623753689245 -0.099454658746882723674
1744901886.5065689087 13.55827290542967134 6.4242304077328453715 -0.09838400085194040634
1744901886.6065759659 13.701470808726829986 6.4242213978905642335 -0.090160878069931005285
1744901886.7065889835 13.84841258879310999 6.4251598516330057365 -0.076833474836590157087
1744901886.8066010475 13.992424740905075708 6.426925344328600076 -0.067711167792400453469
1744901886.9065980911 14.126457028058933219 6.4295735698927503066 -0.056655107855070239997
1744901887.0065989494 14.264844502371291313 6.4296154304600596774 -0.04719441657296608722
1744901887.1064779758 14.406019099244169013 6.4336481944407859501 -0.041865807419733711003
1744901887.2064158916 14.545251987396671467 6.4355145675930041094 -0.039167435557053278949
1744901887.3065199852 14.676198878633380573 6.4438587168328398391 -0.044182663216111917048
1744901887.4067220688 14.806533604444959806 6.4515161147833346433 -0.048971550090886009632
1744901887.5068631172 14.928912295169659785 6.4636206114946359591 -0.057923903078939652234
1744901887.6068921089 15.054254471724968667 6.4713983832323069834 -0.062379845955992378748
1744901887.7067530155 15.192947554007078637 6.4806980299476260043 -0.066486394275193774761
1744901887.8067150116 15.343133187532082218 6.4877358297517204733 -0.073914807680937263945
1744901887.9067020416 15.491358539438868647 6.4927060069327229286 -0.069019310613215312245
1744901888.0066790581 15.636682450754586071 6.4970010460002347585 -0.062247144833247308737
1744901888.106623888 15.785813865090640107 6.5037951260767528083 -0.066201224155726615117
1744901888.2066819668 15.936230046776829639 6.5157584780456661022 -0.069334647643689337193
1744901888.3070309162 16.084662497516490021 6.5203319315632919384 -0.07369021513349406638
1744901888.4075210094 16.230009470346605127 6.5201617395579498648 -0.07930848173865032158
1744901888.5075531006 16.366239263508127522 6.5136486184331205962 -0.08599533736462121325
1744901888.6063818932 16.501559078563147409 6.5026492312957557829 -0.096379468583470004339
1744901888.7050089836 16.631215304443060177 6.4765499546715190604 -0.11298835561326053822
1744901888.8040459156 16.764019624509160167 6.4569250400443802818 -0.12429135287141784838
1744901888.904020071 16.899755040590040522 6.4343432256445733941 -0.12733973534085993307
1744901889.0042350292 17.037842166385253506 6.4108654957287019016 -0.13465049556270758391
1744901889.104446888 17.174521976646904164 6.3875613694901600681 -0.14382509133020351944
1744901889.2044529915 17.303314330867266335 6.3650714307059805819 -0.1477431344969290794
1744901889.3042020798 17.440845586224103414 6.3551318027816536826 -0.14538359536965336782
1744901889.4044430256 17.564713225283604459 6.3495920454279319856 -0.1483287712950032422
1744901889.5053350925 17.677893534787294527 6.3447719534546376252 -0.14852055511724598924
1744901889.6059629917 17.805414555250859365 6.3520342637726621149 -0.15373110818979679459
1744901889.7061469555 17.938160257379109908 6.3583377828092828565 -0.15656203381813202369
1744901889.806221962 18.084114069754868126 6.3521229480247303201 -0.15706457177394378411
1744901889.9063360691 18.235481632318052192 6.3542431218289952 -0.14794914325733110605
1744901890.0063579082 18.385993188667633547 6.3422746490142349884 -0.14992786591363535531
1744901890.1063659191 18.533459668036531554 6.3366727600037311419 -0.14619964917715944086
1744901890.2063260078 18.672959902901656193 6.3377704496803008993 -0.15179396085435412078
1744901890.3062620163 18.809924115991478288 6.3339237928764235974 -0.1635932729708388933
1744901890.4062070847 18.950141306067607161 6.3309543215253993864 -0.15982569768257381959
1744901890.5062060356 19.087066543266054452 6.3392211035605887659 -0.15891319935712094891
1744901890.6061909199 19.223947700483979162 6.334421378515600054 -0.16731654330972442479
1744901890.7062060833 19.362737137482607608 6.3361541437271062804 -0.17383002648145856606
1744901890.8062880039 19.513074852795984526 6.3425141729063501117 -0.18076118903903831692
1744901890.9064071178 19.669910318233206681 6.3424751320673484756 -0.1903385876176881264
1744901891.0065300465 19.825774617125002663 6.3549706667183274433 -0.20022777228157598306
1744901891.1066389084 19.973226186583119102 6.3522868322603489588 -0.19958585311832938158
1744901891.206772089 20.112135209733104091 6.3374896199299675104 -0.20750245822219845482
1744901891.3069000244 20.254187020028169286 6.3280473766238776179 -0.21575845379000660462
1744901891.407004118 20.389649008574931344 6.3042147314161143257 -0.22245494273841245891
1744901891.5067579746 20.524183595124434021 6.2596787530725714888 -0.21951084285785615879
1744901891.6062040329 20.65291829140819857 6.2007367771971342307 -0.22501543340110435887
1744901891.7056388855 20.772623659619426917 6.1347310101950176531 -0.2289897550650447644
1744901891.805038929 20.881452702640423524 6.049450363443773071 -0.23169205173864612646
1744901891.9046831131 20.97520219150788634 5.939256248449514608 -0.2471738707401381907
1744901892.004103899 21.09578298790998474 5.8193082164068368201 -0.26245144019672805857
1744901892.103935957 21.175786493857508219 5.686550385150489717 -0.27293737623332658959
1744901892.2039310932 21.214727958742070513 5.5565286656987318281 -0.28123486372660422283
1744901892.3040549755 21.240480540280231025 5.4304182928644832984 -0.28632337594335388609
1744901892.4043569565 21.260155355270644151 5.3035281757251349077 -0.2926349667347238892
1744901892.5047841072 21.264785439936506606 5.1779631465431705806 -0.30097180456157857087
1744901892.6046938896 21.261553265128910084 5.0542139461707860093 -0.30757740682536055532
1744901892.7039239407 21.238281709438393108 4.9387493286447474716 -0.31016802154906220057
1744901892.8033540249 21.210670978435963718 4.7984678423895479327 -0.32082666732487513661
1744901892.9038929939 21.182652723991896693 4.6474081578524675251 -0.32981414704299305551
1744901893.0052471161 21.157981813392130022 4.4955384436438112772 -0.33332337796034394728
1744901893.1061909199 21.141231421403926305 4.3584244038642063757 -0.33230185387179639322
1744901893.2062129974 21.122144440977994151 4.2299071750241346024 -0.33517764496118496176
1744901893.3061039448 21.094722060397110397 4.0979201609068702794 -0.33489517342624242069
1744901893.4060308933 21.071688387073297832 3.9624039115632814223 -0.3366295476658953123
1744901893.505740881 21.05530072095017502 3.8272375737025554621 -0.33504244951477418768
1744901893.6053919792 21.042244023042705692 3.6880273181505525137 -0.33867371136864038439
1744901893.7057330608 21.037737182422102222 3.5482046949023096083 -0.34805901467850519637
1744901893.806759119 21.039487341386951869 3.4109306876508123096 -0.35283860335831190858
1744901893.9074239731 21.039996136016476669 3.2782956803465777007 -0.35951145879171392261
1744901894.0073161125 21.036438948849720987 3.1449798765224157293 -0.35989939108030738479
1744901894.1065630913 21.033299150850552905 3.0098227995216202402 -0.36387723380660647043
1744901894.2057890892 21.035398421852821826 2.8726754406263914632 -0.36743349200340513772
1744901894.3052020073 21.044637778192150535 2.7491803771621188268 -0.37683627146792691986
1744901894.4048340321 21.052922582556419684 2.6278869485463363098 -0.38035588276676157715
1744901894.5046548843 21.058812871215916829 2.4960124627410569254 -0.38585637927128757507
1744901894.6045060158 21.066260389019806354 2.3520250570725158568 -0.39419390927187386575
1744901894.7043340206 21.074599938813097566 2.205122391184981101 -0.40366342222459722366
1744901894.8042650223 21.077285062783211345 2.0647163752510557799 -0.41400649777342596325
1744901894.9045639038 21.084687623633140419 1.9239387077935157233 -0.43541136313473560726
1744901895.0049650669 21.093817279891883487 1.7926258690950187535 -0.46208701097117077516
1744901895.1052401066 21.103769096788322912 1.6544743310484666399 -0.47523551693246918193
1744901895.2055649757 21.11307061276959729 1.5045496222860199609 -0.48076108469021744396
1744901895.3058180809 21.125194345859611644 1.3484388111582079617 -0.47650685441592660618
1744901895.4058339596 21.137371069594962592 1.193958297699598603 -0.47738406649383197111
1744901895.5056331158 21.144608000118708446 1.0533996456032890254 -0.47978802435611594968
1744901895.6057031155 21.148903040959908139 0.91940825194331421422 -0.48000600747869587304
1744901895.7057750225 21.147605786470069944 0.7795728121752815154 -0.48273768116554827134
1744901895.8057000637 21.150957890586983723 0.63948238498806664332 -0.48104950984298483485
1744901895.9056398869 21.156093284604452265 0.5100956083478429548 -0.47762710596350843595
1744901896.0056300163 21.160053569244478666 0.38990695032074002002 -0.4807386609058955651
1744901896.1056330204 21.159924740921308484 0.25494116093779117804 -0.48433023716867090736
1744901896.20571208 21.160887639057218479 0.11587703037695556985 -0.48743979658389524623
1744901896.3057770729 21.158731364974059375 -0.039447432073447058487 -0.49517970092996654863
1744901896.4059400558 21.162163032984658173 -0.19497462075069044163 -0.50667162337948823403
1744901896.5059309006 21.16048472016863613 -0.34502699373581402487 -0.51123236016221018652
1744901896.6059060097 21.152520813879281292 -0.49552938041659511104 -0.51432413430953527467
1744901896.7059020996 21.157126047799454938 -0.62624046993116577742 -0.51697820264282379199
1744901896.8059709072 21.157632506182032728 -0.75908909511646394108 -0.52392005934456797878
1744901896.9059419632 21.159927407951919065 -0.90485639657428662552 -0.53031349166344043944
1744901897.0059280396 21.159550982991106594 -1.051676131497255362 -0.54359946219670352008
1744901897.1059639454 21.168362168423112024 -1.2002236047861145618 -0.55541526697552456859
1744901897.2059900761 21.165439476654746898 -1.3450775947700117641 -0.56093049487164159395
1744901897.305934906 21.157952082149108719 -1.4861910608092923081 -0.55830460449276575474
1744901897.4058799744 21.158008063586173364 -1.6301353791418580208 -0.55575424464175149364
1744901897.5059580803 21.161765763231741744 -1.7774519890828879287 -0.55338512802298323034
1744901897.6060590744 21.171451594438885024 -1.9135484088446241824 -0.55197812746299068642
1744901897.7060630322 21.180487581329071389 -2.0481353275934397473 -0.55167242422456075346
1744901897.8060669899 21.185709203679216728 -2.1833353495334586469 -0.55525509787932503247
1744901897.9059979916 21.192025252679489 -2.3283217901553627804 -0.5641535161760194983
1744901898.005959034 21.203122875559035521 -2.4818764286187087187 -0.57681537024881568421
1744901898.105907917 21.204710814434285737 -2.625054808910938231 -0.5905676619951477635
1744901898.2059059143 21.208176095997693267 -2.7665478144428803375 -0.60103378445566824073
1744901898.3059060574 21.208055435383403875 -2.9085929870582560852 -0.60200634411845277416
1744901898.4058949947 21.210116325503676649 -3.0477027178396012275 -0.60183962112989386473
1744901898.5059049129 21.196916881763041118 -3.1959352889431613676 -0.60423419163938252296
1744901898.6058878899 21.193350326211248813 -3.3397775119348227513 -0.60675159212990548152
1744901898.7058041096 21.186870062289369088 -3.485545055719448726 -0.61166265062922009488
1744901898.8057689667 21.182260661954749992 -3.6306860733223462745 -0.61978113042280824629
1744901898.9058721066 21.181372380026793678 -3.7681824658598368494 -0.62587854910518325724
1744901899.0059230328 21.18612473845061217 -3.9110557280653264201 -0.62887413075009623853
1744901899.1058840752 21.186572031278789296 -4.0537318912631699064 -0.62979238908943269148
1744901899.2058229446 21.190019384254917156 -4.1956409600980446584 -0.63249507421398865059
1744901899.3058040142 21.19219921749412805 -4.3353872412705563022 -0.63754628433906912477
1744901899.4058148861 21.198132497002713848 -4.4772551116510195257 -0.63908904176221748017
1744901899.5058119297 21.2041291312804141 -4.62669117630734128 -0.64012402010148583553
1744901899.6057829857 21.213921434973737945 -4.7724533518092204787 -0.64749961654886900586
1744901899.7058210373 21.218126966806259759 -4.9168474666812338469 -0.65539580599680946627
1744901899.8058400154 21.220175096572653217 -5.0620884998626554108 -0.65706036289728753097
1744901899.906056881 21.218867075864960015 -5.2126780029742727507 -0.66118474438656604786
1744901900.006196022 21.208667404672020496 -5.3619384218649850382 -0.65787640147150239223
1744901900.105989933 21.196485867042714091 -5.5110300017735225353 -0.65494713185969199998
1744901900.2057290077 21.190135832425802676 -5.6527921470685607019 -0.66199970532338858753
1744901900.3057858944 21.173020375323272191 -5.7958446592684476073 -0.66475237335964409979
1744901900.4059820175 21.166984355097412163 -5.9386979642835227011 -0.66863618110384936966
1744901900.5057458878 21.145636353576257704 -6.0807778801044714001 -0.67307058577137224287
1744901900.6053628922 21.135814388674209141 -6.2204957640369133998 -0.68644065525791342353
1744901900.7050869465 21.127056107453469735 -6.3559680833604152994 -0.69882405320437523955
1744901900.805036068 21.107802148992508506 -6.5022087187399444375 -0.7119481604896600313
1744901900.9051380157 21.097952330731537529 -6.6429934248318964762 -0.72689371145016379305
1744901901.0050840378 21.073605155098089625 -6.7841141494781913579 -0.73956600084601853418
1744901901.1047489643 21.059539124959552936 -6.9309108830672432333 -0.74136584295027152525
1744901901.2046940327 21.053993250587566877 -7.0745284527128644569 -0.74270194904681330339
1744901901.3055169582 21.063707125997527925 -7.2056684810205462455 -0.74602724193475011827
1744901901.4062519073 21.072308384931314862 -7.3260898318127143369 -0.7481166620478107987
1744901901.5065319538 21.080005643324160047 -7.454347288865276866 -0.75328645312542186208
1744901901.6063530445 21.076966342382792874 -7.5798602587985923762 -0.75856842116022416
1744901901.7059431076 21.077214456522874286 -7.7149680153868995802 -0.75990177838391392839
1744901901.8055830002 21.082017695542482727 -7.8510503189392766288 -0.75766710605325249261
1744901901.9053161144 21.080061294917893377 -7.9799428014616831106 -0.75945297536202072131
1744901902.0052120686 21.074972162367252793 -8.1116710967003946564 -0.75961125613781288468
1744901902.1053490639 21.068224124936246966 -8.2335532005391147692 -0.75883041259215311403
1744901902.2054920197 21.061436586880734723 -8.3469453620639573188 -0.77039729322665073674
1744901902.3054320812 21.049560348503565166 -8.4600396459424036522 -0.7840607653232793961
1744901902.4052529335 21.031993371330720777 -8.5701702436341040681 -0.7984932110571212327
1744901902.5050439835 20.998688208325056337 -8.6937969575332409988 -0.81351644611775231208
1744901902.6048169136 20.955373946395642548 -8.8184361730085285558 -0.83478588820541110849
1744901902.7045900822 20.910705503100981417 -8.9537734762814640277 -0.85601776658467343406
1744901902.8048260212 20.855526560000349434 -9.0895023593894102021 -0.86635332914135232407
1744901902.9053549767 20.811565788098150165 -9.2180025552397637512 -0.87514554308329051135
1744901903.0057199001 20.759169911065377789 -9.3372750116235945228 -0.88376330077764264637
1744901903.1057510376 20.700006963106289959 -9.4538740149062157059 -0.88833188686218989005
1744901903.2056269646 20.630781519169808291 -9.5755726040648188047 -0.89320725588498395275
1744901903.3054521084 20.543300840788567996 -9.6914117922705091956 -0.88966037531264752225
1744901903.4054229259 20.44109132643713167 -9.7949035186987316592 -0.88349863721748078671
1744901903.5055940151 20.351840684606369081 -9.8893219254159827614 -0.88633665930825977775
1744901903.6058149338 20.258068376526441767 -9.9821358181479578064 -0.88875638087046671121
1744901903.7060480118 20.1681891972513192 -10.068362727334982054 -0.88684534665166747658
1744901903.8060629368 20.068092086201453128 -10.140553783030643586 -0.88476859369501348329
1744901903.905823946 19.955708631344617032 -10.209530131428785182 -0.87715406571069121089
1744901904.0055139065 19.840100437609347495 -10.270746918433825812 -0.87169823794032541553
1744901904.10510993 19.725245441712104366 -10.324626732701162268 -0.86599612579170648363
1744901904.2047479153 19.607439164583279734 -10.367169440419161219 -0.85965091560270323612
1744901904.3045840263 19.479608331571025559 -10.398957780514274774 -0.84725948233704806434
1744901904.4049959183 19.346241724246610261 -10.422134189805426274 -0.83589119669797296019
1744901904.5055930614 19.208019221812062227 -10.433785697128170611 -0.83156472256095814721
1744901904.6058568954 19.076347356454768089 -10.44096100838594765 -0.82332759368537278277
1744901904.7052938938 18.955673154634027355 -10.438431971142406951 -0.82811786603168668908
1744901904.8043560982 18.830704088522875139 -10.431840076483984703 -0.83397196516512928088
1744901904.9037621021 18.700866927994855615 -10.421236576000437069 -0.85033528963388382849
1744901905.0032839775 18.574962723815801269 -10.417507271352777209 -0.85567026491681819067
1744901905.1036241055 18.441319723303738698 -10.416446153854920453 -0.86598056401431733331
1744901905.2047150135 18.295214966227135278 -10.437145146618481917 -0.86939972123954012417
1744901905.305795908 18.163013126882876946 -10.443173495016239372 -0.86854967070789457217
1744901905.406414032 18.030424836140316103 -10.447835524842385979 -0.85998315488271193097
1744901905.5064721107 17.89917796466691513 -10.462048327407243775 -0.844519542863678363
1744901905.6061420441 17.761308235058752558 -10.483157708188333146 -0.83809781987224896138
1744901905.7055649757 17.632191220901042072 -10.496767898327647117 -0.83608098227960681026
1744901905.8049900532 17.495661460783548335 -10.509364471008314723 -0.83537836444791202517
1744901905.9046230316 17.358469859224602061 -10.529216009691415579 -0.8306582708177832064
1744901906.0043120384 17.211651851703429372 -10.550009349358481003 -0.82891188113331881748
1744901906.1041920185 17.063572003014922274 -10.55925079271746192 -0.82291642087919980586
1744901906.2042140961 16.92690056900748985 -10.570896031394076076 -0.81116989270737216433
1744901906.3042209148 16.789390782169135719 -10.578424217791944528 -0.80103960407182006609
1744901906.404145956 16.648567397028426029 -10.585495491890425157 -0.78390010717899438752
1744901906.5042159557 16.507648585215779491 -10.599696694354811655 -0.77256138767140780654
1744901906.6045429707 16.360561993173394768 -10.619603940463791858 -0.76449236730829406294
1744901906.7049560547 16.214712909427678511 -10.641550274251542874 -0.75659579269054588746
1744901906.8055930138 16.062773820397264757 -10.666187278610660627 -0.75279227871879883516
1744901906.9065930843 15.914721194459053422 -10.681539438065074776 -0.75448730951392251054
1744901907.0068380833 15.765142791823116397 -10.692870687682093589 -0.75135573429093283071
1744901907.105465889 15.636749774849725725 -10.681060472016712382 -0.74446446746278294171
1744901907.2034809589 15.504138637317453231 -10.65773555585154142 -0.7403582749456657508
1744901907.3021249771 15.364002677573207478 -10.638075469773964343 -0.74217959924629073321
1744901907.4016680717 15.219846238063798438 -10.628645984529091706 -0.74554335704115026751
1744901907.5022130013 15.077336226382652029 -10.624677510284319837 -0.75110549964381945198
1744901907.6030631065 14.940324688382403906 -10.623744858633440202 -0.76014628534643446933
1744901907.703854084 14.80354035149097669 -10.625628404306796781 -0.76268766970051626863
1744901907.8041529655 14.658529496384620217 -10.623564439939300996 -0.7631436821878435639
1744901907.9044001102 14.511361210963437784 -10.620702078231660792 -0.76016396564706822936
1744901908.0046069622 14.361182310016744168 -10.620008160976494693 -0.75621610076469014672
1744901908.1047348976 14.214280244477924597 -10.615611335923457403 -0.74547768177874840223
1744901908.2048239708 14.0721760977188044 -10.6128564441680453 -0.73935141965550099652
1744901908.3048961163 13.927953100850041679 -10.610149247602926437 -0.73077309254248168369
1744901908.4049780369 13.786524056681257022 -10.607105962487457518 -0.72070049192280594141
1744901908.5049889088 13.649089551785429819 -10.609968668695692884 -0.71176378882230229017
1744901908.604995966 13.512477582296556378 -10.60694011761780331 -0.70837838544186948475
1744901908.705024004 13.377268005253503347 -10.61114755064124715 -0.70448486828101331003
1744901908.8051450253 13.239955962192420102 -10.614977195020745881 -0.69786723376195070045
1744901908.905189991 13.095868692782016041 -10.618665528947534682 -0.69755032235817038266
1744901909.0053091049 12.943703598456288262 -10.631210610433456054 -0.69180958302986805819
1744901909.1053740978 12.793669462513349799 -10.638452188452449221 -0.69091860819068007249
1744901909.2054688931 12.652522013737247164 -10.641186427737501674 -0.69144954302898231635
1744901909.305380106 12.511236723097944434 -10.646322272990360602 -0.68844313146043534246
1744901909.4057049751 12.374560666382372176 -10.650122519156864698 -0.68478206107674488567
1744901909.5053589344 12.234175500453369878 -10.652897976099977129 -0.67896407480715981198
1744901909.6053340435 12.086187979371333157 -10.65713464980221481 -0.67306566168416592788
1744901909.7053689957 11.939149909468042665 -10.662949592334930671 -0.66474066733519199257
1744901909.8053650856 11.790991362283797628 -10.667412320453760088 -0.65667071007956456796
1744901909.9053840637 11.646238724430416411 -10.667212018464450551 -0.65329802478423926182
1744901910.0053920746 11.500030637407050449 -10.669047332051087906 -0.64890462119266423269
1744901910.1054940224 11.354463280041775519 -10.677223466639039984 -0.64229919080574726653
1744901910.2055358887 11.204718739138241901 -10.682199884489078201 -0.63584383167207958465
1744901910.3055040836 11.054335212388176402 -10.687201355460507202 -0.63480424103666222013
1744901910.4054470062 10.908779296735481523 -10.691437762356727603 -0.63560664625186591437
1744901910.5052859783 10.76467114839290673 -10.694073998391028013 -0.6368048128277941089
1744901910.6050860882 10.618910858868440883 -10.695577886862745132 -0.63565532969170346345
1744901910.704941988 10.475256686561380093 -10.697066777118168446 -0.6338781167239001535
1744901910.8049581051 10.329856082071687595 -10.692277993723859453 -0.62606255413775246943
1744901910.9049799442 10.184550406280521884 -10.692861628418290465 -0.62103570515833395049
1744901911.0047609806 10.037690335427612354 -10.689381286227490619 -0.61254132730577093291
1744901911.1047561169 9.8879273302772343612 -10.681431909382334666 -0.60105712781911557752
1744901911.2049059868 9.7399538053226066836 -10.680155403164938832 -0.59182573097226232051
1744901911.3050270081 9.5947330130441041973 -10.680163912440303164 -0.58634414402270895739
1744901911.4049830437 9.452236993512970642 -10.679438262816407956 -0.57993788132836587845
1744901911.5051100254 9.3095741979157295987 -10.682236856443795503 -0.57511110945227750246
1744901911.6051859856 9.1653708920830538887 -10.686222471794676991 -0.56992864762377382082
1744901911.7049059868 9.0264968302508918896 -10.689248930602040843 -0.56792282949066963393
1744901911.8046789169 8.8914039493003773629 -10.698494506641347712 -0.56518090136815024582
1744901911.9051990509 8.753191351072127091 -10.723083449395966582 -0.56506097998855142617
1744901912.0058140755 8.6113106265453343013 -10.748476681014652812 -0.56189501649890571944
1744901912.1059749126 8.4666075958853976857 -10.773105915737787086 -0.55941849660337450434
1744901912.2056970596 8.3265847728378670212 -10.799193418348790985 -0.55866338735536447135
1744901912.305325985 8.1839651928156431637 -10.82194861244373385 -0.56116464055538040068
1744901912.4047210217 8.0416686031949620173 -10.84438057924575638 -0.56140937535616597387
1744901912.5043919086 7.8946411789766699485 -10.869160174874350488 -0.56293788131696476107
1744901912.6041889191 7.7509839863774550039 -10.89218447905633802 -0.56065301167839942664
1744901912.7040710449 7.6050787105042276792 -10.915343762649873938 -0.55921098862506279925
1744901912.8041191101 7.4575340253888509068 -10.935406173681647246 -0.55705069221997172146
1744901912.9041678905 7.321661307094348814 -10.960369406229425238 -0.55072976656863037448
1744901913.0042889118 7.1799906566483846504 -10.983678094827325822 -0.54535115626204744288
1744901913.1043848991 7.0396312092406354566 -11.011621031424569495 -0.54266591055400903443
1744901913.2044870853 6.8963033771217743251 -11.035572242389527275 -0.53606474319844921173
1744901913.3045730591 6.7545086591010710109 -11.059049699300325997 -0.53239102037368979392
1744901913.4046940804 6.6147960645753967057 -11.087368783648946291 -0.53306061661822445874
1744901913.50476408 6.4689175933056999312 -11.111674759642523824 -0.53656570032272032922
1744901913.6048669815 6.3266756655159017697 -11.141306208468742867 -0.54046049833320541911
1744901913.7047839165 6.1764317217652990877 -11.180257458257262471 -0.53622901053393556836
1744901913.8044569492 6.031119088031688058 -11.210997820589581053 -0.53572519586929301383
1744901913.9039011002 5.8885512160406223714 -11.244303671322734672 -0.5317458702198588627
1744901914.0035660267 5.7533394881989901037 -11.277907161460118957 -0.52784115541183418419
1744901914.1037619114 5.6210290718959887712 -11.322491765704247868 -0.52095405972637387482
1744901914.20439291 5.4962482760915660762 -11.380268118232038432 -0.50741877354728770477
1744901914.3051309586 5.3830826404337628333 -11.460992066228136821 -0.50480175125549342496
1744901914.4055800438 5.2742607340094389556 -11.547224069949919567 -0.50260773594474450476
1744901914.5057270527 5.1744706043566077724 -11.642677320222961868 -0.50851608859427188669
1744901914.6056339741 5.0761782608210657131 -11.746204590462490103 -0.52337195119108737007
1744901914.705370903 4.9859342425102886054 -11.855749571376897222 -0.53560365428656298015
1744901914.805120945 4.9037338811817292594 -11.969893017245592404 -0.54129668618996595875
1744901914.9048519135 4.8243158679200792704 -12.09155516390880436 -0.56387139480652870294
1744901915.004584074 4.7622149148655967821 -12.213896269981983522 -0.57396441301388123613
1744901915.1045300961 4.7146416789576903739 -12.347291205903387024 -0.57905001359939400896
1744901915.2047789097 4.6773907303693524895 -12.479028508486301519 -0.58723448325455274155
1744901915.3048439026 4.6516788771290489279 -12.61149047916779864 -0.58820319434843548745
1744901915.4049129486 4.6420176497665641691 -12.753408407827274473 -0.58621387698687099643
1744901915.5048029423 4.6370181183580774231 -12.890771589452505452 -0.58648421231918113072
1744901915.604820013 4.6515583903620241202 -13.032610448699191608 -0.590868761193512948
1744901915.7053630352 4.6802613049628289943 -13.182957679007204277 -0.59663907311535935296
1744901915.8063230515 4.7193658933539488487 -13.327525841154567843 -0.60119147626158908615
1744901915.9064838886 4.7536060262187191938 -13.463710495895414354 -0.60975930335025463336
1744901916.0057199001 4.7871911965441249492 -13.60189300325097328 -0.62141731748500461663
1744901916.1047520638 4.822158517260845656 -13.74252532014043382 -0.62729794788678627793
1744901916.204005003 4.8507352301642452375 -13.882212875628555437 -0.63126372008030340321
1744901916.3032310009 4.8688918292947613864 -14.010855649376965815 -0.63922312553420690406
1744901916.4024560452 4.8810341751297237067 -14.145237007880973934 -0.6412182286506766804
1744901916.5018689632 4.8970788083504110944 -14.277488990868940633 -0.63145317199786898943
1744901916.6018400192 4.9108162921342026763 -14.419503221759020661 -0.62439861551255471106
1744901916.702244997 4.9203824206622117643 -14.562577587789162337 -0.6226937203994499237
1744901916.8026208878 4.9298820783621817299 -14.714754647312183522 -0.61883447226202037417
1744901916.9028189182 4.9391872513317540694 -14.863772129971719593 -0.61790840346829567498
1744901917.0031039715 4.9501863835636186195 -15.005164813708955052 -0.61345991792770826478
1744901917.1036140919 4.9618364008261632847 -15.148359310924732313 -0.60825265858681432096
1744901917.2038390636 4.9738414621594078113 -15.297170722231161477 -0.60287715598511137927
1744901917.3037979603 4.9821524969320556409 -15.441044629708754243 -0.60362864470934751715
1744901917.4039189816 4.9940484691116662219 -15.584685653566932473 -0.60653262883452385701
1744901917.504431963 5.0028946908775857594 -15.738743466123985115 -0.60901747470088374303
1744901917.6049900055 5.0050636473107097402 -15.87840826026625507 -0.6107096805538952955
1744901917.7050080299 4.9986909932349323782 -16.015499325678856479 -0.61992071784314339844
1744901917.804420948 4.9802723031272941867 -16.136976345369760111 -0.62465755805107103793
1744901917.9038619995 4.9631221394857982787 -16.266579989287468067 -0.63201128578063825447
1744901918.0035231113 4.9393852252036971606 -16.405932030378753694 -0.64248656221920386056
1744901918.1033899784 4.9213944344314271007 -16.526289644298302051 -0.65691281785916877389
1744901918.2037470341 4.9119447294322826636 -16.643120935169374519 -0.66339590193424546882
1744901918.3046679497 4.9135459504465446301 -16.748924816578888652 -0.67033859698308373432
1744901918.4052650928 4.9134078399470872967 -16.856513865139262975 -0.67807493320820078075
1744901918.5054581165 4.9143201627561472478 -16.977241770915210139 -0.6836027424867489044
1744901918.6053080559 4.913358863347462524 -17.098383596847622101 -0.68790262183596451173
1744901918.7050490379 4.9106942427140518603 -17.226837656364253348 -0.68398158571362011049
1744901918.8047618866 4.909511141933467826 -17.352210644942051232 -0.684817748496840073
1744901918.9045090675 4.9143692421697373618 -17.474193220090477041 -0.69232108925896551632
1744901919.0043520927 4.9157217684067990859 -17.56892953301775151 -0.69878635924457976891
1744901919.1042609215 4.9196088860954123589 -17.662084622420515245 -0.70236367733753191089
1744901919.2042479515 4.9208041802058630765 -17.740107454576829582 -0.7079563205902403844
1744901919.3042860031 4.9145289158852607514 -17.824024601753226449 -0.70568880087593899297
1744901919.4043428898 4.9098755612079916233 -17.909973028586300359 -0.70180080948540446428
1744901919.5043859482 4.9119521738546101375 -18.007047101838967507 -0.70135396640191904893
1744901919.6044681072 4.9193610824531797121 -18.106539472250620548 -0.70133399607241553309
1744901919.7045691013 4.9213482848440603945 -18.214555994066785161 -0.69898000411678407051
1744901919.8047139645 4.9265335698159624656 -18.312268448913613383 -0.70243532842910516578
1744901919.9047100544 4.9291081104022627102 -18.412830243082645154 -0.70177961257436161091
1744901920.0047430992 4.9297969025837033996 -18.513981599565745739 -0.70571355212393804823
1744901920.1047430038 4.9322686428604276543 -18.621515646228104401 -0.70849590384061533754
1744901920.2048230171 4.9303515561021953317 -18.726148823635117679 -0.71474568143750660809
1744901920.3048489094 4.9275383701456405561 -18.833585749674355725 -0.71559032116546761326
1744901920.4048500061 4.9272224661787449307 -18.936451505555435659 -0.71660776471486542505
1744901920.5049679279 4.9304795836335344461 -19.02230813879832283 -0.7199576437025413389
1744901920.6049749851 4.9297515367670454722 -19.11988927801636251 -0.72190057871227575337
1744901920.705037117 4.9286612935467424279 -19.221557577683366702 -0.71996794139223863063
1744901920.8051118851 4.9185320211247098854 -19.323836410273024455 -0.71653016079226528046
1744901920.9050629139 4.9174861903691207132 -19.424188260086403091 -0.71764673116231136873
1744901921.0049390793 4.9054743716924340546 -19.51991460086235719 -0.71801014294990550546
1744901921.1049098969 4.8941328937372210461 -19.610305973712680583 -0.72646058647412969922
1744901921.2049999237 4.8794302016266888344 -19.7009224080744616 -0.73270584513243686153
1744901921.3050808907 4.8595090814419155123 -19.790274792220678535 -0.73223189352255546591
1744901921.4049940109 4.8304735186385725498 -19.8760144719454388 -0.73763416270484150061
1744901921.5055439472 4.8033744760002976548 -19.959513645980990759 -0.73949441071923638358
1744901921.6047189236 4.775773488708129122 -20.041604898098416498 -0.74885948021516179907
1744901921.7046849728 4.7488669555011950862 -20.110417530249204532 -0.76486920193452812011
1744901921.8046360016 4.7135978394856241636 -20.159470097231878327 -0.76253716362138779239
1744901921.9045939445 4.6963396544478896999 -20.20418483798515652 -0.78240596378830185031
1744901922.0044989586 4.6747422925902020197 -20.247380436357055089 -0.78249834428168307809
1744901922.1044800282 4.6491761278813212854 -20.278491244520068904 -0.79122560704251876373
1744901922.2045168877 4.6195431901790193763 -20.308550648447223352 -0.79280457806480397753
1744901922.3046679497 4.5800729057789855148 -20.336766533907344012 -0.78488197231590395297
1744901922.4047470093 4.5272940245663706449 -20.356094728114811687 -0.79569129791940540475
1744901922.504940033 4.479002691868183561 -20.37208962439739679 -0.80039868432993921399
1744901922.6046249866 4.4216074828194331658 -20.395892713444556676 -0.80132403090000114965
1744901922.7044999599 4.3725903865876682985 -20.39826543216158683 -0.80435392480358947065
1744901922.8044939041 4.3243508712343006195 -20.411453624701380249 -0.79922113485159385071
1744901922.9044930935 4.2660715245807292462 -20.420492400926224974 -0.78953638152693672581
1744901923.0045349598 4.2034917591626914657 -20.421360915784799062 -0.7883030351457791518
1744901923.1045079231 4.1363243055534670845 -20.413228016956654898 -0.78778355444742254043
1744901923.2045009136 4.0757891426000156798 -20.392741739271070145 -0.78501342947604391131
1744901923.304516077 4.017308905854348744 -20.366944067474893387 -0.77797294968983110586
1744901923.4046061039 3.9609450795188765326 -20.342206207856914801 -0.7716890442873215461
1744901923.5046730042 3.902775626369717088 -20.309734705293607249 -0.76933611944079749456
1744901923.6047320366 3.8470599370357292379 -20.274971917419620127 -0.76494653910940757502
1744901923.7046630383 3.794504141247064144 -20.223476610218952487 -0.76306199643892069773
1744901923.8046319485 3.7501961055100063724 -20.169433856904458224 -0.76242382317302836992
1744901923.9046089649 3.7061638190470840293 -20.106988107585877401 -0.76059342209680025348
1744901924.0045990944 3.6716197193706356927 -20.038208390441468509 -0.75807664085273707144
1744901924.104612112 3.6431291494398623243 -19.961068613419438833 -0.75035617683149757884
1744901924.2046511173 3.6268133957486465846 -19.87409764179599847 -0.74349010518131575243
1744901924.3046870232 3.6111804270154155283 -19.779285858885010896 -0.73723385745258995794
1744901924.4047050476 3.6147186141539391357 -19.674344122063587292 -0.72982703806420168302
1744901924.5041069984 3.6198269135880090097 -19.556453066706456667 -0.73036318796101840078
1744901924.603153944 3.6277344909340758505 -19.438946861066000338 -0.72727453011095788415
1744901924.7026729584 3.6405150884427222024 -19.330984102972568195 -0.73402039148936693014
1744901924.8029739857 3.651256142833950058 -19.227595919623812648 -0.73581883553706428636
1744901924.9035060406 3.6554176976901024965 -19.12002362754719087 -0.73634376489957287237
1744901925.0041561127 3.6598984986585088031 -19.004990259194567415 -0.73091394919382834949
1744901925.1047461033 3.6626705672171429029 -18.880022147169540858 -0.72752152875219722183
1744901925.2051620483 3.6586340754504083073 -18.747303528735660194 -0.73078124386931808676
1744901925.3052868843 3.6655548862720297443 -18.62569096189556106 -0.73614030089490145592
1744901925.4051771164 3.670621584743631427 -18.509192415050577551 -0.73043386739223525872
1744901925.5048570633 3.6800921012456981884 -18.392425105110859818 -0.73003237234854745363
1744901925.6044859886 3.6869860418806834623 -18.277825952661459041 -0.72590701460297357706
1744901925.7039000988 3.6934022756754409933 -18.155840694608642139 -0.72635071002620144043
1744901925.8036088943 3.6944827353870759445 -18.044636647162739962 -0.72104331343788252706
1744901925.9034779072 3.6944716214155417511 -17.922985507297713781 -0.71905004898499735866
1744901926.0034840107 3.6927156490679577949 -17.792225844091397846 -0.7116142365296582728
1744901926.1035189629 3.7031992746607738098 -17.653540278759017212 -0.6901321923189942531
1744901926.2036430836 3.7127580100810861907 -17.506602758002028253 -0.66746588574950260764
1744901926.3037400246 3.7189932076647718162 -17.353075264468959205 -0.65595492079006956221
1744901926.4038610458 3.7233133501250366137 -17.204998792990540579 -0.64608579638693142133
1744901926.5039410591 3.7287578016472879838 -17.056968407306314361 -0.64081827271464675277
1744901926.6039969921 3.7336137846641359594 -16.908745083831018263 -0.63896567667484283071
1744901926.7040688992 3.7325954479243845796 -16.76524291888133078 -0.63849969263599115621
1744901926.8041689396 3.7271639143323507248 -16.632107608578241553 -0.63851222700910925667
1744901926.9041969776 3.7236153791303103766 -16.485855436701889687 -0.63384396808639498211
1744901927.0042359829 3.7192650068630994653 -16.337406071232610572 -0.62162856734747717891
1744901927.1043190956 3.7139731877458350695 -16.189888494316384993 -0.60903948520686101986
1744901927.2044889927 3.7116448254217222491 -16.03430560367981883 -0.59664662740832330456
1744901927.3044669628 3.7116398921437392389 -15.886673655698025698 -0.58463710381366562618
1744901927.4044311047 3.7087730313904807566 -15.740847231558836583 -0.58229802732325475212
1744901927.5043430328 3.7085120894546035331 -15.598772964275719133 -0.57375664355264455185
1744901927.6044719219 3.7201507968168834317 -15.458602194019185561 -0.57722139571633079846
1744901927.7044479847 3.7304791407386175273 -15.314087881757242116 -0.58196287448952432886
1744901927.8043758869 3.7370342579082440615 -15.167918901394061848 -0.58651029300323875848
1744901927.9041569233 3.7459676126324525924 -15.023483069825672942 -0.58702780634960460837
1744901928.0039670467 3.7583697352095617461 -14.880127424850957851 -0.59150433126215817836
1744901928.1040179729 3.7601182607208021302 -14.74063520743149347 -0.6012956773912622177
1744901928.2042179108 3.7604950882402574663 -14.596639951165842675 -0.59985185726060075151
1744901928.3044168949 3.7643245354203394015 -14.452665618472590126 -0.59545601276429827031
1744901928.4045610428 3.7655096354594106423 -14.304104629925143755 -0.59154709071570621415
1744901928.5046899319 3.765065009918826533 -14.160029331845590761 -0.59060820158335536334
1744901928.604626894 3.7723908980134055469 -14.023593588103961949 -0.58839421346887510467
1744901928.704613924 3.7831774676211074038 -13.887228238809267822 -0.5806199586314177985
1744901928.8045399189 3.7910087243284000813 -13.741237328831420683 -0.57218738660670864782
1744901928.9043939114 3.800730400414643384 -13.596857410926299181 -0.57427080209053193993
1744901929.0043039322 3.8009344215978519976 -13.440963534123893552 -0.57040303827508165302
1744901929.1042320728 3.8082099700432374689 -13.298404348345503223 -0.56536560671254409982
1744901929.2042489052 3.8107225597917024906 -13.163559407606053142 -0.55739520671681475061
1744901929.3044569492 3.820945824364136989 -13.037062165535791891 -0.54478590108269797643
1744901929.4047410488 3.8374094179783946323 -12.902012859716279536 -0.54926547983746043524
1744901929.5048060417 3.8554010846431436832 -12.761389677205187354 -0.5546149787916588858
1744901929.6045520306 3.8883888635025556368 -12.618512019768562737 -0.55234083552791080063
1744901929.7041969299 3.9283285016143278945 -12.473299715765923779 -0.55220897055423845412
1744901929.8038160801 3.9780518324008742326 -12.326972535294700606 -0.55201637563975991529
1744901929.9034719467 4.0322865740511666388 -12.186362528199563116 -0.54668105130826860627
1744901930.0033640862 4.0889248301878735603 -12.056770447851143047 -0.54682638763822410954
1744901930.1033189297 4.1506335060468551035 -11.933857084508803226 -0.55242878893287417075
1744901930.2034609318 4.2172947315780504596 -11.815621596452309916 -0.55502003770665475635
1744901930.3036160469 4.2867473769684636409 -11.697704779630338834 -0.54461682285834422945
1744901930.4037539959 4.3639089979937342179 -11.579023698305269008 -0.54283935546008021955
1744901930.5038499832 4.4526543187429687976 -11.467202852302440519 -0.53974817684477927049
1744901930.6039450169 4.5446723746375754516 -11.35971290461633032 -0.5341924181474895228
1744901930.7039840221 4.6481124564936502352 -11.256068605093982882 -0.52973218264186838766
1744901930.8039989471 4.7540766685019111293 -11.165389478569661463 -0.51622261682694103868
1744901930.9039890766 4.8679871630682054473 -11.095252471229089863 -0.50845624039029491126
1744901931.0040929317 4.9832841980110513802 -11.02061226753269807 -0.49702534005799986483
1744901931.1043450832 5.1081208188076550059 -10.951370011893413192 -0.49123419973481274869
1744901931.2042989731 5.2299252964288491796 -10.892568153956309729 -0.48424699019312261727
1744901931.3039660454 5.3576126915742321444 -10.842024173768752604 -0.48192830645444090232
1744901931.403744936 5.487604036792012252 -10.797768427000137947 -0.47847435463192611316
1744901931.5040810108 5.6271600108829087361 -10.761840691520980329 -0.48263498233207280386
1744901931.6040050983 5.7673417420427961488 -10.727792813573461927 -0.48953539764465320294
1744901931.7042269707 5.912128811720809729 -10.702287302498589838 -0.48661708247250623494
1744901931.8043670654 6.0526757221481890525 -10.676890380566513628 -0.48424013443724428507
1744901931.9044079781 6.1903552346955930119 -10.659748635765266656 -0.49220717069913988428
1744901932.0043458939 6.3337402181405897394 -10.656952527056324342 -0.50745981554393815305
1744901932.1039829254 6.4774165955424463093 -10.656652707274840708 -0.53034858923811123432
1744901932.2036058903 6.6139957040314287795 -10.656471587275026636 -0.54577516751851828936
1744901932.3035180569 6.7412106902716271151 -10.654598526792202762 -0.55420763999423283686
1744901932.4036738873 6.8667168712683945841 -10.657163865686449356 -0.55278517277821170861
1744901932.5038180351 6.988787838983867573 -10.656453061752374722 -0.53880283320142219328
1744901932.6039381027 7.1145683136950053083 -10.653250842824885325 -0.52973809077073552576
1744901932.7040369511 7.240195268619867619 -10.649556071297634929 -0.52040423394785795264
1744901932.8043088913 7.3535053816020425899 -10.644025889502158222 -0.51132189418455742391
1744901932.9045228958 7.4661863790613596237 -10.635725932782442271 -0.49534704696312242822
1744901933.0045990944 7.5893271589755668671 -10.621759501740067222 -0.49365741073532537486
1744901933.1045279503 7.7356933650647903278 -10.602160073763219117 -0.50695445073189648877
1744901933.2043950558 7.8775318166776369111 -10.588345445149036195 -0.51646953031779962995
1744901933.3042631149 8.0215284756857823112 -10.577611776737770199 -0.53090335584904135846
1744901933.4040820599 8.1582868779779289525 -10.570308317320156632 -0.53765089527272336145
1744901933.5040369034 8.287391804303410936 -10.564544515445803086 -0.54725475935257228421
1744901933.6040189266 8.421875049545066716 -10.559390885657101933 -0.55332468992089567372
1744901933.7040328979 8.5609518167108191733 -10.553304669372813862 -0.55813324282222054329
1744901933.8038749695 8.6909296727458702492 -10.545004125728191013 -0.56899686898074852692
1744901933.9038219452 8.8176042390706221852 -10.535443496441844857 -0.57749302840756777666
1744901934.0038108826 8.9510691664307113768 -10.532560470200952096 -0.5845698040544990981
1744901934.1038050652 9.0870743805234006629 -10.537508957408840971 -0.5862625316646248308
1744901934.2038509846 9.2259418805377357842 -10.544004214300885636 -0.59144748711989936218
1744901934.3038790226 9.3744971379011943213 -10.550440920149842583 -0.59879129418897802939
1744901934.4038639069 9.5204059186950207305 -10.554354786749955863 -0.60787018227731803854
1744901934.5039079189 9.6654106122399934264 -10.553026382381917259 -0.61884617170878719605
1744901934.6039950848 9.8174999534599614037 -10.549229626567631968 -0.62149327921046160217
1744901934.7040200233 9.9625121684715107762 -10.539421477636890856 -0.6302610738902433285
1744901934.8041079044 10.0956968419016615 -10.531440430616019199 -0.63325210449474100827
1744901934.9041149616 10.225236246582609212 -10.527544480710623986 -0.6359772371398808577
1744901935.0041399002 10.351129188845570539 -10.52365865475978346 -0.6405870544978338188
1744901935.1040649414 10.496000658730507027 -10.5221710212145112 -0.64192500523313000826
1744901935.2040970325 10.653536766266682889 -10.517999456035934003 -0.64510247178607682539
1744901935.3041729927 10.81709339034437356 -10.510175339448421639 -0.64793290297286398882
1744901935.4042139053 10.960760682727865856 -10.500218843132259394 -0.6452814355634829413
1744901935.504281044 11.103553689731137766 -10.485438033726177665 -0.64551737658114194396
1744901935.6042330265 11.234813018710211097 -10.471165148754801422 -0.65103508535645260302
1744901935.704171896 11.361753952476732366 -10.456878533201480863 -0.65584805958574987628
1744901935.804074049 11.499292710658368222 -10.443452132294503087 -0.65306456071770535576
1744901935.9039978981 11.637222310727482366 -10.428567614396206054 -0.65279018303015456937
1744901936.004160881 11.771681558113204602 -10.419552939561990357 -0.65281065350620348653
1744901936.1042149067 11.913098725861523519 -10.406264453324970631 -0.65398666645430725275
1744901936.2042770386 12.055602390206427543 -10.391613265300856384 -0.65739474120040752858
1744901936.3042669296 12.207034205572124819 -10.379394605504897342 -0.66743932265797556447
1744901936.4042448997 12.356444427913338302 -10.361777959333240418 -0.67308803582958709466
1744901936.5042319298 12.49981614898588056 -10.346155600338301284 -0.68051530525880010725
1744901936.6040849686 12.64810154947906895 -10.334892388796923512 -0.69236004675951445808
1744901936.7039990425 12.785391931382445563 -10.318940671546029009 -0.69431083888864386644
1744901936.803953886 12.918883890687549609 -10.309372182550227137 -0.69465911952500469795
1744901936.903938055 13.055936442381300466 -10.300760372107756524 -0.69894431909397780611
1744901937.004142046 13.199983515914979648 -10.289377442488643055 -0.70252625433852589065
1744901937.1041660309 13.345741937772976016 -10.270010392838560875 -0.70650407407314097519
1744901937.2040519714 13.497405405390209054 -10.257664823448790159 -0.71510820948552533682
1744901937.3038930893 13.639351452346213378 -10.244784916946104047 -0.7168475849835582725
1744901937.4039819241 13.7812496167137013 -10.230539053240569558 -0.71718590780725877121
1744901937.5043389797 13.927680339786675745 -10.220276270125612683 -0.7219157963520377308
1744901937.6039860249 14.074194447685400178 -10.217106954048572831 -0.73115793039249488139
1744901937.7040059566 14.215113908074654248 -10.217047646825301754 -0.73339011647637541991
1744901937.804019928 14.361362911556419419 -10.216912213298440903 -0.73904863993886038553
1744901937.9038610458 14.505184410723979127 -10.215487914702952921 -0.745402454660322622
1744901938.0037310123 14.654264183380432129 -10.215550173853737093 -0.74579708785185971909
1744901938.1037139893 14.796032175114715912 -10.21449581250501204 -0.74976523111519211007
1744901938.2037460804 14.938472370885396145 -10.212623638870372389 -0.74842806106490167295
1744901938.3037359715 15.074452093137365338 -10.21448159023624136 -0.74694250032439690745
1744901938.4037759304 15.214722943859191773 -10.213560482840527754 -0.74494556037110315483
1744901938.5039389133 15.35472980193974557 -10.211754950214999127 -0.74627626597858887081
1744901938.604072094 15.490225758708511705 -10.210715054473828545 -0.74238379193107906229
1744901938.7041509151 15.62322578225590064 -10.210764636713268061 -0.72931126990943639932
1744901938.8041570187 15.761471911127138412 -10.207734516371360201 -0.72618945183326444326
1744901938.9041209221 15.914801493971525659 -10.200623624755746022 -0.73267374041100385984
1744901939.0040829182 16.070922282727433839 -10.199691626832914082 -0.73828537958907802796
1744901939.1040050983 16.219907773873693202 -10.193016950472154392 -0.74444399820631534936
1744901939.20399189 16.373598557096148198 -10.189193255599938936 -0.74526048993862914482
1744901939.3039579391 16.519723222605833257 -10.184518415566978788 -0.75731980181321623125
1744901939.4039399624 16.655887318677837783 -10.182514516727879439 -0.76636890985723593595
1744901939.503937006 16.798376672935479093 -10.178049643968595461 -0.78766464459870244585
1744901939.6039600372 16.944016011626430895 -10.173160511757613378 -0.80452018180811013526
1744901939.7039940357 17.086928257098357165 -10.167981533340554989 -0.81582629099894476976
1744901939.8040060997 17.222138001965930698 -10.164173613470998347 -0.82133372278037297676
1744901939.9039950371 17.360395937939696154 -10.15803975429040662 -0.83125555606135037578
1744901940.0040090084 17.504816473943925814 -10.152147105010930872 -0.84493157001363483616
1744901940.103967905 17.65084619527078047 -10.147743591593052059 -0.85278908598945446506
1744901940.2039520741 17.790704447122081433 -10.146104834594812161 -0.85568732427734839341
1744901940.3039560318 17.928741604878837279 -10.144077321928937963 -0.86815460620681916826
1744901940.4039440155 18.062470630452608589 -10.137848520426057775 -0.8692226881307519859
1744901940.5038809776 18.195104143837678379 -10.131533054249294068 -0.87093502756631391293
1744901940.6037700176 18.33544354355116468 -10.121291125369891617 -0.87451001871059586001
1744901940.7035620213 18.475847238757612701 -10.104758907641365084 -0.87580927331897762134
1744901940.8034780025 18.62111070718224326 -10.085078958854161613 -0.87951950834979919502
1744901940.9034769535 18.764959998177857869 -10.069771069760173887 -0.87195970290575497419
1744901941.0036070347 18.907167923393473075 -10.052358952994744357 -0.8637408585449745102
1744901941.1036961079 19.039862347155555256 -10.025380125962319866 -0.85748802817344593752
1744901941.2037711143 19.172818020300461228 -9.9931374696731971596 -0.85741263418983615363
1744901941.3039960861 19.3139040752272102 -9.955082965778693449 -0.8531958350748888309
1744901941.4041950703 19.450707139510942767 -9.9021722032964714089 -0.85260802876195240785
1744901941.504185915 19.577329354838504116 -9.8372443743329647248 -0.84709614883838046939
1744901941.603910923 19.701690562095258485 -9.7655110472039776681 -0.84253569842301301307
1744901941.7037649155 19.822863134900547522 -9.6899877861204970486 -0.83408827819096154066
1744901941.8035750389 19.94049237104463046 -9.6144284107331472455 -0.83275913372758347819
1744901941.9034719467 20.050877144138560482 -9.5412620659029805381 -0.82827543637584177816
1744901942.0034029484 20.149542805855155336 -9.4564259122073988095 -0.83298114837828529655
1744901942.1034300327 20.243585192304806242 -9.367360556369174418 -0.82929597395001741766
1744901942.2034890652 20.328208944551629855 -9.2610584643682116734 -0.82504586433047688576
1744901942.3037080765 20.393262408363277416 -9.1422822843430679995 -0.82311703075006137365
1744901942.4039239883 20.450182673445329584 -9.0148263951644196368 -0.82035151752916835033
1744901942.5042901039 20.486885693939893116 -8.8819598820399221495 -0.81810496725544579188
1744901942.6044099331 20.504488974068220131 -8.7495529802117975038 -0.81593636432502825162
1744901942.70439291 20.508127459116945346 -8.6151058227498378272 -0.81104258083372515742
1744901942.8041319847 20.493634510193228238 -8.4767923205902828698 -0.80522383569385436175
1744901942.9041891098 20.465926583659118876 -8.3386884622038088821 -0.80146294308439869347
1744901943.0044929981 20.441357218526757578 -8.2011074834385286891 -0.7920523876383267492
1744901943.1042940617 20.423559472927241387 -8.06001782076432427 -0.77190207875161920281
1744901943.2037060261 20.408628809471419885 -7.9183698068615022692 -0.75934139415237056348
1744901943.3027470112 20.395233837516606457 -7.77994777570181828 -0.74941084513849287596
1744901943.4021539688 20.395548867401362969 -7.643280869319141857 -0.73758055710556080786
1744901943.5017940998 20.405030978947475973 -7.5016059675469444201 -0.73128679257840656369
1744901943.6016530991 20.410182883581239111 -7.3649643108070028674 -0.71893538667678857923
1744901943.7016289234 20.41059177910199196 -7.2218660206116460643 -0.70521071811548008412
1744901943.8018770218 20.412272712122074836 -7.0806715687894845601 -0.70227665806791317316
1744901943.9020659924 20.409177986401175531 -6.9390035028808263462 -0.70683056621959028387
1744901944.0023219585 20.410484832275741951 -6.7992414371263061312 -0.70267947464588809137
1744901944.1025369167 20.409265009350427533 -6.6523978120754643228 -0.70030766767617580459
1744901944.2027230263 20.407602258494854652 -6.5066542760591916661 -0.70206536363445537496
1744901944.3028628826 20.398801186058392432 -6.3633818655708136447 -0.70989119656678612014
1744901944.4029641151 20.390175220815635271 -6.2203821884428833755 -0.71684576652764797622
1744901944.5031321049 20.375894696708147791 -6.0701245826600329636 -0.71960122051682628985
1744901944.6032390594 20.357923200464799862 -5.9255315931665268891 -0.72172931981827526116
1744901944.7033140659 20.339264430923083893 -5.7839242270973620919 -0.71918596877760843089
1744901944.8034029007 20.317642867678848972 -5.6324949935804280443 -0.71880255325989284021
1744901944.903496027 20.303691218176037836 -5.4841418580962022489 -0.71070929297483609322
1744901945.0035479069 20.279837617559060448 -5.3448948834628184912 -0.70252681770159819408
1744901945.1035730839 20.262035443315991046 -5.195962482214441458 -0.69210169887191175242
1744901945.2036108971 20.247459866982371324 -5.0503469803946190453 -0.68361055866103659362
1744901945.3036670685 20.234216581832743742 -4.9051653711184588502 -0.67886630803907532794
1744901945.4036929607 20.227409973626738093 -4.7613483871633155431 -0.66864641062292207163
1744901945.503729105 20.226763186380374293 -4.619436499655866335 -0.65504688902000940409
1744901945.6037330627 20.217241401480972485 -4.472971642969063133 -0.64528405852619941108
1744901945.7037980556 20.204295648127725826 -4.327422731340218931 -0.63804762499078926385
1744901945.803730011 20.19799735745513658 -4.1808042019235669429 -0.63234723448680218993
1744901945.903783083 20.181139361414651034 -4.0358898606529889364 -0.62788067335076769293
1744901946.0038049221 20.164075911743569947 -3.8882423290225793799 -0.62512873789050926732
1744901946.1038520336 20.145380240769409141 -3.7490665684731570018 -0.61799455609488551655
1744901946.2038331032 20.131037837883830832 -3.6001742707894877071 -0.61430968008403952219
1744901946.3040599823 20.127539426836722924 -3.4533243580422920971 -0.61464800949964326637
1744901946.4040029049 20.123662376382743133 -3.3119892928880663163 -0.61317746230379666095
1744901946.5038740635 20.122245359757037875 -3.1724168935883318987 -0.60425870684489235707
1744901946.6035749912 20.118934224710084635 -3.0364490449364187619 -0.59138991902270865442
1744901946.7034499645 20.105883930504305113 -2.896805320974469744 -0.58086536989397807851
1744901946.803591013 20.099915849739748097 -2.753668109720995627 -0.56872055939827881321
1744901946.9036080837 20.101292727199581378 -2.6080672399947655293 -0.55145168365903296515
1744901947.0034530163 20.111492646402343354 -2.4616538235669298551 -0.54439658304437599234
1744901947.1033470631 20.111765431925615388 -2.3177340873513343489 -0.54367149144266746497
1744901947.2033119202 20.102450466103341853 -2.1674993243333648962 -0.54341610787007155192
1744901947.3032228947 20.107457141096560349 -2.0258234283707983181 -0.54697211253699451472
1744901947.4032700062 20.112458918451132206 -1.8839762817904588399 -0.55626985392281158571
1744901947.5033950806 20.114260350286901513 -1.7393132607813603929 -0.56760609322020050271
1744901947.6035759449 20.123463947880285474 -1.5955600312626274651 -0.56444440584522836968
1744901947.7037420273 20.122118799834140646 -1.4510638644015052545 -0.55874971832805231386
1744901947.803935051 20.124742963472680657 -1.3126576239151064307 -0.55316866210119874925
1744901947.9038209915 20.12314699399222917 -1.1760023401520627306 -0.54610798654611958369
1744901948.0038061142 20.11969033531126172 -1.0394246817117105408 -0.53645260882537937341
1744901948.10374403 20.118680506586283485 -0.8982776828062254415 -0.52013733723761190753
1744901948.203660965 20.110776261151716682 -0.75416389630802227462 -0.50484348647352494943
1744901948.3037610054 20.091762501417761655 -0.60554272785423435277 -0.48393388376233187342
1744901948.4036080837 20.08632432734949802 -0.46268009611523369662 -0.47208305399124539381
1744901948.5036299229 20.07950971854018718 -0.31772776836575339354 -0.46661322965205764834
1744901948.6036269665 20.067331081938352355 -0.16910341395754271976 -0.46024563894516951068
1744901948.70363307 20.06865143442636068 -0.026225825415481334585 -0.45906505585670004388
1744901948.8036489487 20.057372744896063921 0.12733462221185198882 -0.45843395951190230031
1744901948.9036650658 20.041893949788697427 0.27985511711153565617 -0.45872432349372066485
1744901949.0036199093 20.037848427253880601 0.42725984192933424977 -0.45895113463485714966
1744901949.1036550999 20.029029301130837126 0.57501526216361120714 -0.46152546767107299752
1744901949.203701973 20.020892250854743111 0.72015452722252015771 -0.46337222033615682593
1744901949.3037819862 20.016402767603640456 0.86421264750670478971 -0.46284789514955809731
1744901949.4037969112 20.010950611582213554 1.0096917517423087407 -0.46860188704962674189
1744901949.5037889481 20.007248486685028865 1.1512750946683891762 -0.46533054852258137757
1744901949.6036400795 20.004340716144970003 1.2958723553949536011 -0.46321244140690193136
1744901949.7035748959 20.004041247197658748 1.4374855720960144634 -0.45722500429632112473
1744901949.8035619259 20.009250100741414968 1.5786049968771793672 -0.44812840047188107206
1744901949.9036769867 20.008497295651846315 1.72221571454241551 -0.44188431116036180901
1744901950.0036320686 20.001021468646367651 1.868844848448792284 -0.43188777412806822475
1744901950.1035480499 20.001983929300877207 2.0096379934174977144 -0.41748556986568657878
1744901950.2035040855 20.004253128745702384 2.1438779773239140525 -0.40519974173895989544
1744901950.3034980297 20.004924834920647214 2.2744125986653398463 -0.38917146418663151053
1744901950.4034750462 20.005735887805698781 2.4025948355017123781 -0.37621317580437363404
1744901950.5035169125 20.01059713609734203 2.5369323152088014695 -0.35591348131751532335
1744901950.603509903 20.014160803150232937 2.6800356121440560564 -0.33508629581351750959
1744901950.7034759521 20.015398780980081739 2.8131518238947750277 -0.32759325735759398102
1744901950.8034870625 20.011680316787014533 2.9438224526866756392 -0.31635756425372490996
1744901950.9035980701 20.010361804402098329 3.0783441148655028563 -0.31184286966350338588
1744901951.0035960674 20.009095927233630619 3.2245975157044171056 -0.30686261715499713043
1744901951.1036169529 20.006884925105978823 3.3721672517539778013 -0.30481835394984674315
1744901951.2036950588 20.003851065014160326 3.5263069744575279429 -0.30240998512583000535
1744901951.3036730289 19.991143423204494667 3.6755272246136843073 -0.30178424207655135669
1744901951.4036900997 19.980361112439613436 3.82541654414507315 -0.30341986210115567957
1744901951.5037510395 19.96974506687233486 3.9819713385687767193 -0.29961654109793511847
1744901951.6034469604 19.951863668963344622 4.1324735530282534768 -0.29584467611777531815
1744901951.7033140659 19.938926379875564265 4.2766975990966393795 -0.29074732590666574339
1744901951.8033149242 19.915705586038043862 4.4208749582580297854 -0.28016318448385846285
1744901951.9032869339 19.893179178328409762 4.5670306380744261077 -0.25900444578807618745
1744901952.0031359196 19.866776694796605796 4.7075309753164429338 -0.24195469690591395184
1744901952.1028969288 19.847014415088136019 4.8420298502131089435 -0.22833476320970760853
1744901952.2026600838 19.825015595049627848 4.9630161338764811063 -0.23471533024104926368
1744901952.3025751114 19.808889577266079129 5.0697381960025911241 -0.24200635760857824863
1744901952.4027400017 19.780585104474123881 5.1647929273779054071 -0.24835733768158260726
1744901952.5031919479 19.736301063322851945 5.2458335203183219519 -0.24892226862998609316
1744901952.6037199497 19.683165578688441855 5.3315983869228711356 -0.24360222602827194538
1744901952.704212904 19.622432737801496216 5.408836579356420593 -0.23415470443208899476
1744901952.8043019772 19.541782823223460497 5.4907331877991536473 -0.2343031538441318895
1744901952.9040720463 19.45858263971848956 5.5701084770219253528 -0.24431600759663305023
1744901953.0034909248 19.382456064930774886 5.6495107717968080507 -0.24645175822863696347
1744901953.1029160023 19.303206176668464167 5.7209266409723342761 -0.24598231678671095279
1744901953.2025249004 19.212559716503804452 5.7814208091532126588 -0.24475102769946624481
1744901953.3022201061 19.111897354362607615 5.8242553226322675286 -0.23509884909001085851
1744901953.4021229744 19.017815113937107441 5.8618312189489705233 -0.22634555814045784206
1744901953.5022449493 18.91638912788289062 5.897852426968123396 -0.22129542263337237396
1744901953.6024460793 18.817313935897701072 5.9245382825633070567 -0.21661408277740779038
1744901953.7029690742 18.714920537880093576 5.939524241937650828 -0.20603590634876284282
1744901953.8039441109 18.611344738083811734 5.9449825452701503536 -0.19001647847669256297
1744901953.904517889 18.501903826762941208 5.9469430138493031279 -0.18116805578186587211
1744901954.0040729046 18.375159810383490111 5.9505138611618946243 -0.17751362696458228285
1744901954.1032800674 18.234556512326058453 5.9578081563304436941 -0.17558672421113313833
1744901954.2025809288 18.084996052509801245 5.9649389674439374787 -0.17683951486575125167
1744901954.3017408848 17.948312950592637094 5.97139080939837541 -0.1749763996435375335
1744901954.4013700485 17.815018775737833323 5.9796788838711441016 -0.1763585714381493974
1744901954.5012209415 17.683591616316935102 5.9892135852079677605 -0.17941289479699898401
1744901954.6011209488 17.552387149297402402 5.9952137422141040801 -0.17577039099129806998
1744901954.7009739876 17.414233279963497125 5.9976707826146107294 -0.17383769038362484327
1744901954.8011579514 17.27590620647602293 5.998731870543102751 -0.1749450754821689491
1744901954.9017319679 17.135779130982978558 5.9921022337557348081 -0.17355025428115475328
1744901955.0022540092 16.989248604106585105 5.9843866180171980673 -0.16675768692907907975
1744901955.1026000977 16.846196639172191567 5.9730163481741485043 -0.15599415548651196506
1744901955.2027380466 16.696434959990849478 5.9624469851690848898 -0.14013964653896729406
1744901955.3028249741 16.548262603797461168 5.9546163848246829176 -0.13480273447739332671
1744901955.4028730392 16.41944361755925641 5.9459711698609636343 -0.12976443866495285251
1744901955.5028650761 16.272736129324510301 5.9540371227159036849 -0.12416897723787111152
1744901955.6029028893 16.130281860731972898 5.9608461190148895881 -0.11806990611654144541
1744901955.7029559612 15.987989921715190178 5.9556186083711066814 -0.11223215964410482304
1744901955.8029859066 15.840122519108280841 5.9557686774378160166 -0.10564095140303192411
1744901955.9030320644 15.694064677573505762 5.9558064981259368764 -0.0950231630824562995
1744901956.0030748844 15.543444868938482983 5.9564216605795792248 -0.084953133318337453739
1744901956.103151083 15.403724657419235911 5.9474012596076955006 -0.083957843181458588488
1744901956.2031919956 15.259547709082866618 5.944090549499191134 -0.084617323911355207811
1744901956.3032410145 15.117354267152300906 5.9343588422689910189 -0.08780827481133289536
1744901956.403247118 14.980213970025049619 5.9208543288725064002 -0.096970275896758093004
1744901956.5032749176 14.83917340517313832 5.908498232766817182 -0.10214906588698594025
1744901956.6032540798 14.696014387346659547 5.9011984687066929567 -0.10185613292759108928
1744901956.7032330036 14.548484274752501832 5.8952099283369543414 -0.10122349428357509116
1744901956.8032579422 14.401683321217392475 5.8851396464134086983 -0.10121298864860703293
1744901956.9032480717 14.251582676377857695 5.8754277262926688508 -0.096387458629371314256
1744901957.0032849312 14.105666768473378525 5.8702637742395689102 -0.091857862472877305215
1744901957.103290081 13.957376348842901237 5.8628697573753054684 -0.084958992442230346631
1744901957.2032799721 13.812473039866205227 5.8540728442793792397 -0.076911718705542142516
1744901957.3033020496 13.670126288054055053 5.8450959517507508068 -0.067984768018664126776
1744901957.4032840729 13.520261898354124952 5.8324515744987932564 -0.066220356373119501625
1744901957.5035500526 13.371645039886399076 5.8191163588993495281 -0.068594301687764161479
1744901957.603315115 13.22700742414580688 5.8106946196971946961 -0.074343209464554402266
1744901957.7033040524 13.084132017280650118 5.8057211127571513032 -0.072745886016036001576
1744901957.8033430576 12.944806213484023161 5.7920806066188905703 -0.076323353799855928048
1744901957.9033548832 12.800362335045122109 5.7840226053407040041 -0.07459328748376722884
1744901958.0032739639 12.657858302347021251 5.7771243541816392764 -0.071427350110612256029
1744901958.1032269001 12.516998048143383571 5.765222412734821944 -0.069800905036416699412
1744901958.2032558918 12.374665013408533198 5.7506302587633717494 -0.070069249351222329114
1744901958.3031740189 12.226305637753469568 5.7449779680483201716 -0.067118792651971237451
1744901958.4032111168 12.080613463512168693 5.7335168503581801502 -0.069224212299157927841
1744901958.5033760071 11.931811143600883796 5.7223392352767685765 -0.071866269106688251966
1744901958.6035459042 11.786652423708581239 5.7136061117908942819 -0.072234648743469367926
1744901958.7035019398 11.636687550094617194 5.7087850995217817029 -0.068461087171902981763
1744901958.8031299114 11.490086901631304528 5.7107491960543983467 -0.054791198649197264681
1744901958.9029729366 11.346737068272716442 5.7088437197249106703 -0.041862075563035332226
1744901959.0028820038 11.194994937222004339 5.7094275271371701663 -0.037814718512709649678
1744901959.1027729511 11.047629988102221077 5.7174862612857504374 -0.038527873530543849112
1744901959.2026469707 10.903732058553275763 5.7183820879104940715 -0.033712045387256764362
1744901959.3026499748 10.75767104033163335 5.7164165709190379872 -0.032431507335680800908
1744901959.402643919 10.607632728729862848 5.7219670281638963516 -0.032280287592157105858
1744901959.5027430058 10.457245185667613185 5.7262884618226417288 -0.02587897107395021809
1744901959.6027860641 10.314724702420811298 5.7252636528660785231 -0.013860107736281920832
1744901959.7028360367 10.167927622852285907 5.724053618777189989 -0.0068127549220544664915
1744901959.8029019833 10.035742022982102384 5.7305520222453107948 0.0044871674870496083484
1744901959.9029729366 9.9007256732843789138 5.741442229988749979 0.0075273583949886186881
1744901960.0030219555 9.7578118285053996317 5.7456192313308367403 0.010328903474597793746
1744901960.1030869484 9.615032769183496697 5.7545487112654036821 0.020383761520515207566
1744901960.2030858994 9.4681747625966643511 5.7622963978487460324 0.02329049326136698253
1744901960.3030478954 9.3266879145430596765 5.7649357364986535401 0.029264288683634894633
1744901960.4030930996 9.181153585653984095 5.7667041031896966174 0.027379600896919726455
1744901960.503182888 9.0318725534029269397 5.7635782534417172585 0.019101097915957300499
1744901960.6032950878 8.8839043071342995717 5.7538397432731649417 0.012804364569868347326
1744901960.7032790184 8.7400560081213711783 5.7458538471201876519 0.0041409832982997217196
1744901960.8032689095 8.5946138753420484591 5.7442071538851022794 0.0061446710539448346974
1744901960.9032299519 8.4568285965841898388 5.7396100161569831855 0.0077009832600107262779
1744901961.0032150745 8.3169516097421105627 5.7285179552718474838 0.0091137905185775126143
1744901961.1031229496 8.1703946983888151578 5.7236460198757113105 0.016772999050027711382
1744901961.2030639648 8.0289832320012362032 5.7220979217029466213 0.030066775620345757847
1744901961.3031549454 7.8871247519896074962 5.7199274087997000748 0.046018506706635008141
1744901961.4033269882 7.7453511227547542362 5.7181940473350518772 0.059900972715718169004
1744901961.5033988953 7.6033188567982454842 5.7239162402802552521 0.074177197180648080099
1744901961.6029191017 7.4605145747106060838 5.731675937881338001 0.08284491325455135835
1744901961.7026689053 7.3212140206963836064 5.7376187256132480385 0.082700421065788801145
1744901961.8026061058 7.1903174532827947019 5.7411469502434639978 0.087555330717394089235
1744901961.9026200771 7.0493290317475070239 5.7450328661406917519 0.087755932746021642066
1744901962.0027089119 6.8946159272012961239 5.7482319107002481928 0.086077995220070993576
1744901962.1027619839 6.7452974769212126205 5.7539570260205890051 0.097864689248217145989
1744901962.2028369904 6.5943410692840700449 5.7602899857591181032 0.09790180168679221695
1744901962.3028950691 6.4454336345911711348 5.7649072968865890942 0.10401573342798067778
1744901962.4029579163 6.3075095560905447556 5.7652416017116063784 0.12295761951554337599
1744901962.5030019283 6.1652270925248640054 5.7671882658869479954 0.13252126344562409344
1744901962.6030371189 6.0238575918274417376 5.7740296226106444522 0.13134983127630314725
1744901962.7030699253 5.883661650073131355 5.7794950912749660787 0.12914573032001286368
1744901962.8031189442 5.7462169974794221616 5.7866091168577966641 0.13475784840741503179
1744901962.9030940533 5.594126846584777546 5.7949709188936440185 0.14230534546234102633
1744901963.0030839443 5.4467895832397106304 5.8042260050710714481 0.14802969165885082603
1744901963.1030869484 5.3001990428667431487 5.8155268528255641414 0.15206320497988429219
1744901963.2030949593 5.1618082567630452218 5.8183708919438084095 0.16191601377156969455
1744901963.3031098843 5.0199225386951793482 5.821875569852387855 0.17105455157005836075
1744901963.4030940533 4.8849473038016304471 5.8307571388883303598 0.17915822408769857543
1744901963.5030729771 4.7342359648160146079 5.8334497292171896277 0.18150700668290342676
1744901963.6030299664 4.5883839657791494204 5.8313706770356965592 0.1864832678025889201
1744901963.7030849457 4.4386007238461369084 5.8303402579000653816 0.19584684403750735049
1744901963.803082943 4.2971468161784560635 5.8285072938175881418 0.20858538435302947933
1744901963.9030818939 4.1561241625141045475 5.8274828813841335062 0.2184831967046087231
1744901964.0030930042 4.0199347461313355012 5.8358751072437851093 0.22404328100551296199
1744901964.1031200886 3.8745659582705527235 5.8421772511940073258 0.23213292873967925067
1744901964.2030711174 3.7248291251909502186 5.8453195420283776684 0.23555174129538394845
1744901964.3030838966 3.5757596046691855207 5.850282325656539939 0.23696517125239563439
1744901964.4030940533 3.4214666399460491597 5.8532510627233680367 0.23434772710367926529
1744901964.5032989979 3.2756444315589599015 5.8594108916594782599 0.22944716416199223419
1744901964.6030590534 3.1272809864488153586 5.8605596124551651016 0.22508639684779480072
1744901964.7030439377 2.9826267013751630586 5.8564333353308910546 0.21788730973059630691
1744901964.8030340672 2.845064761204426862 5.8616652453039241877 0.21324324244702624886
1744901964.9030139446 2.7039170781888168804 5.8598834303948175162 0.20890913774337616093
1744901965.0029630661 2.5668142207039532643 5.8657317741535006661 0.20536590585345990134
1744901965.102907896 2.4326904983093835533 5.8659430297748791361 0.21403254642548677489
1744901965.2028000355 2.2855613904129259417 5.8654388648289215169 0.22645720740349428723
1744901965.3026909828 2.1357503197626868108 5.8567006306783397918 0.23729824549124256539
1744901965.4026091099 1.9838497834313755241 5.8467327752367852511 0.24415719490799059344
1744901965.502628088 1.8451916060850070966 5.833504128601294525 0.24809972182362646786
1744901965.6026320457 1.7030258633529038459 5.8153024208628414371 0.24792332426396054834
1744901965.7025868893 1.5651422027379484625 5.7953554455397044975 0.25124653215327424904
1744901965.8024089336 1.4306328075313945458 5.7695347276383630586 0.24983546148238305884
1744901965.9023439884 1.3019090534971962114 5.7381527684824424895 0.2517092020215565551
1744901966.0023870468 1.170469946473996492 5.693148575432648073 0.24940582743741876448
1744901966.1026659012 1.042794218106248616 5.6348768820140735514 0.25147317389244444596
1744901966.2029800415 0.91898443783163574761 5.5708133308907310521 0.25333760733711091495
1744901966.3032200336 0.80150316380317188081 5.4907938424831979063 0.25424844312308042538
1744901966.4033179283 0.69175940521083523205 5.4072407977477725538 0.25759360234662431743
1744901966.5032110214 0.58577177149159675995 5.316794667229094884 0.25038829725920924707
1744901966.6028809547 0.48491353524741881431 5.2208534994790039008 0.23832960042861917049
1744901966.7027380466 0.38581213039988299096 5.1218289236591880709 0.23018771251306344161
1744901966.8027870655 0.30865662922181241745 5.006176888679949144 0.22842603889110227322
1744901966.9029130936 0.23824906908762119584 4.8903112157747701261 0.22348243532624095797
1744901967.0029659271 0.18445945717620607085 4.7669523494658010421 0.21444646341907216969
1744901967.102948904 0.13538069439917507775 4.6372205436180466975 0.19860846567276674302
1744901967.2029910088 0.090382070016770676979 4.4971583571388453748 0.18904906909458307762
1744901967.3030409813 0.073201779170008737796 4.3562870323452305144 0.18847292794402731309
1744901967.403012991 0.065896218126261119075 4.2139843430302157401 0.18470346740725460122
1744901967.5028579235 0.050947663156301128962 4.079790340456412423 0.19064589621302321931
1744901967.6026389599 0.042618471980069107252 3.9523978893049314109 0.19047210220778360013
1744901967.7024919987 0.054719616552709425539 3.8265334000294206618 0.19451558136309704539
1744901967.8026580811 0.080691090979616242329 3.7042996051084786657 0.20669947259153931274
1744901967.9030780792 0.11203140417508306026 3.5739024224678970221 0.21047145257587762668
1744901968.0034220219 0.1417246210207306345 3.4427272984968269043 0.20487366466065468074
1744901968.1035680771 0.16591377263468148895 3.3126442954995094503 0.19313978965948988553
1744901968.20353508 0.19168534108361667823 3.1763261655899817093 0.19320260581457746052
1744901968.3033061028 0.21070533584278058892 3.0393920298956653703 0.19301286892505334358
1744901968.4030580521 0.22153157029037534587 2.8928584337297733597 0.18802637913375128131
1744901968.5026888847 0.22966178384394309031 2.7520978030098364187 0.17415614656736419508
1744901968.6017270088 0.23051103210067636073 2.6230577253192493004 0.16044859379774153996
1744901968.700551033 0.22812506254134826134 2.5097614499590230608 0.15475617270512689871
1744901968.800039053 0.21757557476607916613 2.3757527756367089466 0.14240290173001990404
1744901968.900233984 0.20829246274772275638 2.2362595897639607756 0.11984661422416832688
1744901969.0007081032 0.19900797370643300011 2.0924270215516913574 0.093305627373554286819
1744901969.1009991169 0.18843852313667314169 1.9451353244507636475 0.080000492584837226695
1744901969.2012848854 0.18128649916309985679 1.7959750946922117265 0.075681858479578228982
1744901969.3015830517 0.17089618611603088483 1.6531298448973974491 0.06860310759972371164
1744901969.4018421173 0.15881062584861471709 1.5217824210456254441 0.073552997357037186443
1744901969.5022139549 0.14700384536836882954 1.3949689684951138702 0.081127762779499582035
1744901969.6026968956 0.13545278240852257068 1.2724463428411207921 0.083999807953312882747
1744901969.7028160095 0.11919494196745671066 1.1574334741116367731 0.08605674370246191307
1744901969.8025341034 0.10110731115350596321 1.0585568173235726519 0.087031084931730715026
1744901969.9021060467 0.080162909884957028739 0.96308791000364857293 0.08349962776929630015
1744901970.0019030571 0.060170585860043895865 0.85703903924783952917 0.079336232956504201819
1744901970.1018331051 0.041455528584323796115 0.75775726728798953324 0.072273197964059704423
1744901970.2016260624 0.031849760397995890981 0.68750552398657538422 0.065302592651372670662
1744901970.3017230034 0.025583033545857000041 0.63224682455516079127 0.054646176714651294171
1744901970.4022839069 0.023171835305491449847 0.59131494605536671916 0.050153027662811967835
1744901970.5030679703 0.022779128861516582949 0.55238455006484443732 0.04645035849469657252
1744901970.6033580303 0.02308659949429725175 0.50478467431906282048 0.043188535650183858261
1744901970.7034130096 0.023323115657170118836 0.43005018061147454178 0.040223003053155792497
1744901970.8032109737 0.030511527589215350215 0.34720956878990633099 0.035933900307336279212
1744901970.9031579494 0.034075797140369012972 0.26576296721710085391 0.032788698970225328699
1744901971.0030488968 0.039636523512128388202 0.20041043544845132951 0.029047731290818938621
1744901971.1027369499 0.044876506978899895206 0.15401519343777714255 0.02655741834251641037
1744901971.2024459839 0.048214095083585692403 0.13756313091986949182 0.026103905102802929528
1744901971.3023040295 0.050351402772072853531 0.14389372578485462584 0.031328045424071339353
1744901971.4021229744 0.050025514599860786136 0.15350997749694098027 0.038106645974662740894
1744901971.5020539761 0.046884988240706707008 0.1575913598494300405 0.042512293679811151426
1744901971.6020689011 0.045312356721162044826 0.1608991793704624973 0.04118053395861828031
1744901971.7021141052 0.042356463561535460938 0.16330106733635660343 0.042025397246473715496
1744901971.8022139072 0.044338129916330092095 0.16469488000563506369 0.046329766322858088878
1744901971.9022889137 0.040028345975884276065 0.16567090345269150364 0.043293985184906472186
1744901972.0023798943 0.039116533011476967152 0.16432197415483401626 0.044188914623621421141
1744901972.1025168896 0.040463388824832940971 0.16459029273514422242 0.044501555174197925113
1744901972.2025868893 0.041713002405857284305 0.16281760323012356428 0.043181812752799551836
1744901972.3026459217 0.042929869853300654803 0.16090392002794581816 0.040780112524817710429
1744901972.4027330875 0.043378640476862934117 0.15897899977706581032 0.04184945196644088844
1744901972.5027461052 0.041499477072103413411 0.16080253123238674728 0.040813863572148355308
1744901972.6028249264 0.040884201588301652408 0.15826686491587374506 0.040347448899491440699
