1744903204.0015940666 4.561537781344708202e-05 1.2993806273160329992e-05 -0.00033205923618624872719
1744903204.1016120911 0.015185109420218025761 0.15551385403691783682 0.18638119870692471114
1744903204.2015790939 0.031029000749056762087 0.14660332965059671984 0.19469672525374942529
1744903204.301568985 0.022462398510624728004 0.15222953187457691215 0.20721079435123671009
1744903204.4015870094 0.02433090023505898869 0.15458783952568902476 0.19126071850375950256
1744903204.5016639233 0.024461188556538577404 0.15187466486398171206 0.18596708585352328402
1744903204.6016390324 0.024342780994472627137 0.14952334208918480196 0.18392739331175431139
1744903204.7016079426 0.02501928087520412583 0.14901707445343381764 0.18540338278897872115
1744903204.801651001 0.025124675964521361177 0.14948273218787289096 0.18915378285931616631
1744903204.9016139507 0.024565372669862476501 0.15189601522607762418 0.19080772630451564575
1744903205.0016069412 0.024870117757704011258 0.1526344304696836407 0.19559104692507400802
1744903205.1016349792 0.025385844179195381914 0.15334316484930693436 0.19595081140275116827
1744903205.2016119957 0.022981068466709900222 0.15425896929040483485 0.19454129714244208782
1744903205.3016819954 0.023458898097210245659 0.15463628202263679512 0.19544330998153883194
1744903205.4016559124 0.023891932454572595984 0.15481913777094888363 0.19307794234512024034
1744903205.5017399788 0.027884566992854849937 0.171956767219167167 0.19564116783409099543
1744903205.6016690731 0.028094935331880600826 0.20909198120650662744 0.19483352892038785509
1744903205.7016680241 0.026686897820131300768 0.26388514736548063233 0.20179736614249824123
1744903205.8016579151 0.02477366690909462224 0.3232902368562842188 0.20579989372303886253
1744903205.9016239643 0.026872157904703625197 0.38223037954431882124 0.2125869307854588719
1744903206.0016009808 0.031285542110053070342 0.43582166206206351955 0.21969239979822346998
1744903206.1015820503 0.033933324987533382278 0.49094243624410149884 0.22697880614806884014
1744903206.2015659809 0.036116390909492854244 0.56203116743217707008 0.23059631902085742094
1744903206.3015799522 0.035933086904624121638 0.64390228315039366169 0.23720308620282953838
1744903206.4015738964 0.037488311537642031446 0.7317910452273378441 0.2454288645942739322
1744903206.5017960072 0.03928017075697665117 0.81164505669036768332 0.25163275355141484502
1744903206.6015770435 0.034404390693933237233 0.88410476660825565443 0.25260881721591926796
1744903206.7015531063 0.032432004583171684942 0.95732777916179456756 0.25600611625887653711
1744903206.8015639782 0.036174369171107251253 1.0361529121760213457 0.25851716525937495916
1744903206.9015669823 0.035185315221112935247 1.1314114786474187557 0.258585857110315398
1744903207.0015869141 0.037196285768614771594 1.2402335282612486633 0.26901793131060869335
1744903207.1016159058 0.033168557127563461084 1.3532446223717087275 0.28849589677615855576
1744903207.2016179562 0.037191580945025719263 1.4647275883063877178 0.29454483001459103031
1744903207.3016030788 0.038535134315607136313 1.5620909280056867185 0.29087962369161141085
1744903207.4016211033 0.038192461230597357646 1.657524477485021519 0.29383075293399207872
1744903207.5016961098 0.039942357937536039636 1.7460844101190111655 0.29829056604315179468
1744903207.6016230583 0.052620546495002959442 1.8348332076988242978 0.30920021817651571761
1744903207.7016160488 0.059688929901850672211 1.9388728505914203382 0.32459003549784326559
1744903207.8016068935 0.070083918221138685745 2.049026694457066089 0.33483412292436015578
1744903207.9016239643 0.067831198757799096577 2.1633826903655064555 0.34732124759752391885
1744903208.0016200542 0.064234484250893883472 2.2743110409526199334 0.35147674792669109101
1744903208.1016440392 0.056933070925190884526 2.3966948998623940348 0.36345584879223452601
1744903208.2015800476 0.046325615484201200511 2.5397670627347155303 0.35824511800512615078
1744903208.3016030788 0.037975852996387185478 2.6955011184957351489 0.35883162994732342721
1744903208.4016389847 0.026211695888129552673 2.8452324927575958213 0.36241235531771570644
1744903208.5016849041 0.014621111999274528578 2.9898027231499715306 0.37394357955045398612
1744903208.6016149521 0.0065403279190267629706 3.1332841326807399085 0.3903057599031973246
1744903208.7016129494 0.0045383871411060587586 3.2763355462015359976 0.40429844966727074285
1744903208.8016440868 0.0040848738621586545144 3.4148740169125071375 0.41929740931564829509
1744903208.9016799927 0.0035474604155419781071 3.5503317885261700404 0.44217854107807491593
1744903209.0016920567 0.0047483580992262472767 3.694729934610495814 0.45644528279428076001
1744903209.1016969681 0.0060895919699311884185 3.8331815075494395373 0.46158733275149310682
1744903209.2017240524 0.0099160758142218530242 3.9697274399065864969 0.48277319496755027872
1744903209.3018240929 0.008188784271301732115 4.1110080081824387221 0.50662446183034903768
1744903209.4018850327 0.012247733281096162203 4.2505584908924287646 0.52765121994803543259
1744903209.5018870831 0.020963869340789122175 4.3921674300035160599 0.54473216395779777699
1744903209.6020460129 0.030656798574197886148 4.536097858248728798 0.55758360343100565881
1744903209.7022359371 0.051136661953256758173 4.6764782109986819947 0.55507275050927407101
1744903209.8021230698 0.083800267976455414254 4.8153387111685352906 0.56027738750899691578
1744903209.9017779827 0.12241327328710616129 4.959666578772200296 0.56819581401492447181
1744903210.0012331009 0.17890235656295994104 5.090453361309360325 0.56859403224567439672
1744903210.1006760597 0.23930494044694741729 5.2229599998897180413 0.57563972751306757836
1744903210.2002708912 0.33251745823443890071 5.3373934535670386481 0.57780629341812128619
1744903210.2999370098 0.43030556729588625986 5.4277710131737197941 0.58260313268010988086
1744903210.399741888 0.53780543922414614233 5.5120746308201438168 0.58644475449809829737
1744903210.4996430874 0.6581382378041825687 5.5820323546697414585 0.5875861103256915241
1744903210.5996749401 0.77967306553832538274 5.638889809786793883 0.58233097612420525735
1744903210.699436903 0.89285211820322141207 5.6789705105053283063 0.59004453264851663974
1744903210.7984440327 1.0083461081941575976 5.6868231179068269299 0.59993182317672377746
1744903210.8977460861 1.1238589157534726315 5.7210937411865385727 0.60658501721609137114
1744903210.9983069897 1.2454476447052313937 5.7511821183469411523 0.61101993626305628471
1744903211.0995650291 1.3786108074613576679 5.7829462913724478668 0.61696333811914727541
1744903211.2004780769 1.516300958803605381 5.8047637026638536639 0.617623601954009116
1744903211.3009030819 1.6541426415684130635 5.8183600540412880875 0.61217908538233656301
1744903211.4012830257 1.8038738193050491976 5.8412484395915003077 0.59575586868489738279
1744903211.5017559528 1.9630261719357604555 5.8703230377362531911 0.58089974679052314155
1744903211.6018300056 2.1153336906936059947 5.8913722321422108408 0.56686169013891496427
1744903211.7017829418 2.2522641132147884768 5.9053554892220949668 0.56334300185877650424
1744903211.8017570972 2.386543371840493144 5.9223317970014015543 0.56330367997914587708
1744903211.9017291069 2.5239694823994498485 5.930600622944551148 0.56142433063402263915
1744903212.0017158985 2.6738538325217753311 5.9452395590582058915 0.5609539645441666833
1744903212.1017251015 2.8244590088532328664 5.9668961738616221879 0.55537978353109851426
1744903212.2018370628 2.9643910716546897355 5.9820296886261363767 0.55940489854992780927
1744903212.3020300865 3.105289115825027757 5.9887195567571867016 0.55929228357096816282
1744903212.4018208981 3.2460204680460398308 6.0016494319917246258 0.55290261717073641012
1744903212.501502037 3.3757171199799085315 6.0117913329687748814 0.54819421574605475822
1744903212.6013190746 3.5028307819945112556 6.0277451710980143318 0.54223329633786632176
1744903212.7011699677 3.6152183314716910267 6.0367952988128825709 0.5417849635481994941
1744903212.8011510372 3.7461056952004696541 6.0466065042221304182 0.54575219258584783955
1744903212.9011759758 3.8919194207558427401 6.0607285333531697447 0.54744453401235815271
1744903213.001388073 4.0548299722573917236 6.0679929663239411397 0.54538224587300510038
1744903213.1015660763 4.2143934191697338676 6.0718461698382437675 0.54117157384124803254
1744903213.2015829086 4.3561966449465154838 6.0732174683162645223 0.54620221257079482058
1744903213.3014919758 4.4878633431188932335 6.0684809714301986006 0.54706530537953468318
1744903213.4013469219 4.6051109486267121085 6.0619524929328862939 0.5399085141038031388
1744903213.5013160706 4.7340520823626555114 6.062824111002263372 0.54231087637530128731
1744903213.601402998 4.8791105515076811372 6.0613253798596113953 0.5401627516986606814
1744903213.7016909122 5.0355027899118569579 6.0584045757084412642 0.53535915384370513781
1744903213.8016009331 5.1855919561076841973 6.0561965665748926924 0.53076881277177812013
1744903213.9014880657 5.3311828505156624303 6.0528199199417649368 0.52608899160984945453
1744903214.001447916 5.465720074916029958 6.0479241553514118124 0.52434161955425606649
1744903214.1014881134 5.6015207509572721989 6.0470098417900199905 0.5216575340584405085
1744903214.2013959885 5.7438814453382267544 6.0462036591294552323 0.52209134330966866511
1744903214.3012061119 5.8934333127331868241 6.0490383723949561201 0.51529208658360126094
1744903214.4012959003 6.0464479378089581729 6.0506138664179696107 0.51587042948349193239
1744903214.5016469955 6.1914510875878523422 6.0540843464624325421 0.51599276536149918382
1744903214.6018679142 6.3450267331068026522 6.0586473899217097028 0.50631069507636883298
1744903214.7022149563 6.4910370147595308765 6.0587730392754712838 0.49465917086394778357
1744903214.8021829128 6.6362565884744926237 6.0622928216822691283 0.48710843516341839621
1744903214.9015820026 6.7793122860193220092 6.0528098133963679217 0.4873186945592073438
1744903215.0010249615 6.9203928090402957451 6.0450437410677411165 0.49071269009023066321
1744903215.1007061005 7.0581972256523926035 6.0374831500335943701 0.4923798042594235147
1744903215.2004759312 7.2003073554744432272 6.0324123561789395609 0.49333411044143882229
1744903215.3004200459 7.3402395158768767303 6.0284971060025736023 0.48737693949240784574
1744903215.4004769325 7.4810494981653832269 6.0261493421044756147 0.48623915193529393397
1744903215.5005600452 7.6256957647374239428 6.0288914967407398748 0.48019146583989325006
1744903215.6006700993 7.7670939718128071405 6.0265192206968460908 0.48471400737062175779
1744903215.7007229328 7.9163274496259177226 6.0253674981525193743 0.48138997259045696042
1744903215.8008708954 8.0642670772352040842 6.0228600314235531954 0.48414484281523950671
1744903215.9009919167 8.209119654392267762 6.0179335405850569174 0.47990341957003795903
1744903216.0010869503 8.3592219600282628988 6.0140309208042141975 0.47771928724765233554
1744903216.1011869907 8.5072057201413429084 6.0144636322013731444 0.47829353420188996937
1744903216.2012588978 8.6589849589209304526 6.0176323381346845665 0.48285816209790211051
1744903216.3013079166 8.8089398897973616442 6.01576526880394713 0.48784264414725519998
1744903216.4013669491 8.9547302247386380003 6.0195973802378679451 0.48893263573817047352
1744903216.5014309883 9.0973040566398140072 6.0154236377488103926 0.48578741066091024603
1744903216.6014358997 9.2391995106835107521 6.0174567691504945444 0.47695390057858816357
1744903216.7014429569 9.3790467854552783677 6.0151990221624185295 0.47094641779822826733
1744903216.8014800549 9.522560636071032647 6.0132001452466683489 0.46547280105531968486
1744903216.9015419483 9.6633221581383157428 6.0145484816985659293 0.45614722345158670302
1744903217.0014948845 9.7987946448895790752 6.016964526545219627 0.44818778988472479652
1744903217.1015610695 9.941985616017273486 6.0176454780308370474 0.44385817767049950966
1744903217.2015900612 10.083880835623785899 6.0165021366670314862 0.43716017088014558212
1744903217.3015520573 10.224792197442811315 6.0110105283753947347 0.43082844204570297508
1744903217.4015450478 10.366199985360704972 6.0029397863740889818 0.43353216645719611089
1744903217.5017910004 10.513785285050781582 6.0006848188745705031 0.42707891660659574873
1744903217.6015930176 10.659725590265177075 5.998748487428510856 0.42588145393812054662
1744903217.7015869617 10.804914953722150273 5.9980653764960161212 0.433685603779922213
1744903217.8016090393 10.950411139041550612 5.9991769143904170036 0.43650584162685324152
1744903217.9016048908 11.10064556364771704 6.0047678510056252676 0.4373533839594007655
1744903218.0016150475 11.251444933573266027 6.0058769353060874607 0.43481659529978344825
1744903218.101583004 11.3991800466014368 6.0090365158747518493 0.4358723047170362519
1744903218.2015960217 11.544409426646060624 6.0095849276925576987 0.42668657358989009465
1744903218.3016149998 11.688241966290208396 6.0083972343757166001 0.42864840926868308379
1744903218.4015889168 11.831625121669771872 6.0101199040304020826 0.43112239606910368606
1744903218.5016980171 11.973091404058395781 6.0105787229808740335 0.42534825955055038937
1744903218.6015899181 12.118848640071544054 6.0127494594471810885 0.41707186279424729447
1744903218.7015910149 12.260550069642750515 6.0130877518399055148 0.41422445808683777679
1744903218.8015749454 12.404325976731058745 6.0118238925402618378 0.41177518067924767653
1744903218.9015769958 12.547175860412567161 6.0184999205304690051 0.40326076997674492608
1744903219.0015819073 12.698835672887684112 6.0283648637049651597 0.39500073993064477307
1744903219.1015560627 12.850929350694730857 6.0337018347454574041 0.38823285984087618772
1744903219.2015709877 13.000559863946563155 6.0364195049362425749 0.37820813878174053269
1744903219.3015799522 13.144327573331528569 6.0395459452078847917 0.37809629423458035458
1744903219.401622057 13.284811230556613282 6.0398260604831399689 0.37494811957923152024
1744903219.5017030239 13.429161079763050068 6.0423833641252304716 0.37775672544556948562
1744903219.6016249657 13.570913692116681304 6.0428954622194064328 0.37471064059390241097
1744903219.7016179562 13.709274973036727374 6.0443211206503253408 0.37633618465783813534
1744903219.8015890121 13.855144379470928584 6.0490540940241315226 0.3844434709003225481
1744903219.9015769958 13.997337487970439085 6.0565475694047110622 0.3789774490054919065
1744903220.0015718937 14.142624167902299703 6.0632999402786369458 0.37274290640705187716
1744903220.1015639305 14.288957156264878279 6.0681293899257182645 0.3645361651957496063
1744903220.2015709877 14.427685603457499397 6.0759491563772023426 0.35950027119403804576
1744903220.3015680313 14.572669854053637906 6.0820898071995026513 0.35436224673090149784
1744903220.4015920162 14.716651531781922202 6.08955858838181463 0.34575434124499543342
1744903220.5017800331 14.857084355892219207 6.0941165853328609359 0.33678209135573700106
1744903220.6015889645 15.006459095893248445 6.0976857947755220835 0.32819699864726192828
1744903220.7016019821 15.153069842734824491 6.1006805463242512744 0.32218233677078378374
1744903220.8015940189 15.297091321843605982 6.1069101826959384383 0.31490765646764456998
1744903220.9016349316 15.441277978426983353 6.106667965030935008 0.3149273048642142192
1744903221.0016200542 15.582284762062840855 6.1084161216616088552 0.31776936185126636314
1744903221.1016221046 15.725668628977068408 6.1112713214550042906 0.3240003569876719336
1744903221.2015690804 15.869082348542129068 6.1165290719109695061 0.32955707761820185464
1744903221.3015561104 16.019355005075869514 6.1236339154128565099 0.33142689027874394636
1744903221.4015851021 16.162469697177343164 6.1325577644779487585 0.33752348430759504527
1744903221.5016880035 16.31071379535876531 6.1423465055998915929 0.33802893512276438459
1744903221.6016280651 16.449751430534544028 6.153651733167104787 0.3430567919713315983
1744903221.7016379833 16.59647741125795406 6.163391522930698585 0.33333638350640693027
1744903221.8017148972 16.734777946106955682 6.1718263279416811784 0.32980051375218710774
1744903221.9017400742 16.886304145222453599 6.1746323416426562858 0.33428034392517130824
1744903222.0017199516 17.033405785506470664 6.1782664066774968248 0.3380677199559430357
1744903222.1016559601 17.176492283030896147 6.1775093354293879599 0.33539993568983300642
1744903222.2017469406 17.320599647080044292 6.1768229895251804962 0.33058975750823399453
1744903222.3018200397 17.456674315727408242 6.1704274682927966467 0.34032432703160109266
1744903222.4018499851 17.591709973063544226 6.1596674466185170616 0.34033196638223073283
1744903222.5016980171 17.74280443865625756 6.1483204919460483495 0.32365649625067310913
1744903222.6013131142 17.900617843786733374 6.1340423162194790407 0.30607931024321710645
1744903222.7010519505 18.050749532362406313 6.1232796922659336047 0.28615941531371352768
1744903222.8009190559 18.193728692901817823 6.1054494407299886305 0.27535047021962349989
1744903222.9008951187 18.316762738723141979 6.079446237678569176 0.27468775817327950595
1744903223.0009689331 18.443935991759126125 6.0494386106655122504 0.28279520028838184276
1744903223.1009581089 18.576619395292542691 6.0132977041413200325 0.28689529526798496217
1744903223.2008149624 18.717141953185318926 5.9759840266727835001 0.29274356255953692951
1744903223.3007090092 18.855334139243296931 5.9373934582736316301 0.30294016166026782599
1744903223.4007248878 18.997241914593914203 5.8886659883964922457 0.29607689639248674363
1744903223.5011179447 19.147961433553170707 5.8546164641609133028 0.28576938152678227345
1744903223.6012580395 19.298162639349531133 5.8073391681215635884 0.27742225908431761283
1744903223.7015690804 19.44134598665384317 5.7586083199441455704 0.25920219522290205427
1744903223.8017299175 19.584942841959882998 5.7037716482773355153 0.24085850564413560648
1744903223.9016849995 19.717585877759766788 5.6485682305281130766 0.21964670491105309225
1744903224.0016419888 19.846949516394452928 5.5946614573783550739 0.19866393866447204508
1744903224.1016499996 19.975219234611422792 5.5388035926541627774 0.18263424731307686955
1744903224.2016489506 20.111797426311870396 5.4785774622234884035 0.16973980901509305719
1744903224.301680088 20.240955535329717918 5.4093964639499372282 0.16616014172184806474
1744903224.4017910957 20.361202917073057961 5.3329680636543992378 0.16499198569979370288
1744903224.5018599033 20.477759042318119498 5.251099837973643325 0.16786961382258624997
1744903224.6018409729 20.588266721045243912 5.1592929123580821837 0.16999278461565947573
1744903224.7019019127 20.693328489375065971 5.0566412017167801096 0.17275883349146090029
1744903224.8018651009 20.800065320145975534 4.9390927525419545674 0.16480119464379586192
1744903224.9017429352 20.884240999447381881 4.8167525098912342685 0.14220080473817869882
1744903225.0013520718 20.948770918941718833 4.6912254219103939334 0.12611361170478441185
1744903225.1009640694 20.988747666447522988 4.5605162192198989146 0.10972137478455530613
1744903225.2003819942 21.02023310036321746 4.4168519127049341577 0.094502387795673062354
1744903225.3000180721 21.039312268257130967 4.2711619467203991718 0.080992991388348409276
1744903225.3996651173 21.039522139404589041 4.1160792953302527408 0.068596165938507480675
1744903225.4994289875 21.032087933589661333 3.9695647897349037869 0.052317888122280629959
1744903225.5997259617 21.017813552972992142 3.8254354868220334929 0.043584222480361631269
1744903225.7003269196 20.984889580845912604 3.6826675421962700163 0.040295962065528864726
1744903225.8005540371 20.9560912158980166 3.542825065603546264 0.028811311476974216239
1744903225.8999779224 20.925788248687442916 3.4087498606710120441 0.021727425294130763012
1744903225.9998049736 20.885286139171846287 3.270166723224914751 0.01846406652086955702
1744903226.1000659466 20.850992369236575286 3.1294450554653931995 0.0027877710383628550792
1744903226.2005159855 20.826640468154508312 2.9918022525614009766 -0.015228245216764420278
1744903226.3007600307 20.801054222677390015 2.8485822905686344342 -0.023858106878812412183
1744903226.4010179043 20.785471596971309083 2.7050716693260423718 -0.034674550740937691573
1744903226.5015399456 20.769815181296340967 2.5624881527871696818 -0.039048617603918804597
1744903226.6020190716 20.755392357375800572 2.4209695484357980355 -0.042397283361970433679
1744903226.7021570206 20.747890580684586581 2.2862730254211189873 -0.045234257474983212421
1744903226.8019850254 20.734593185271410931 2.1497560789130933934 -0.06203151722322881173
1744903226.9016370773 20.716655864363197281 2.0082557654489217036 -0.080729365108148792851
1744903227.0012559891 20.695285191755413479 1.8630899211334135401 -0.09608796839729624728
1744903227.1009778976 20.675737838883627262 1.7131934902804539789 -0.10693245256536265675
1744903227.2007570267 20.656727800281103669 1.5710027861929287685 -0.11764538530813646589
1744903227.3006370068 20.634980195397258029 1.4255032044044431139 -0.12689926349496657987
1744903227.4006369114 20.614376688711892882 1.2856155184310784634 -0.1304499249263721683
1744903227.5006999969 20.598508674899154158 1.1471233194823355905 -0.13313283036497400302
1744903227.6006829739 20.575917111662132442 1.0083629386784427329 -0.14650520781244302793
1744903227.7007350922 20.555986732416894114 0.86576883064808873858 -0.16433011083359472249
1744903227.8008620739 20.532912088324007271 0.72625528462421939935 -0.17558972281508319901
1744903227.9009890556 20.515526717845226301 0.58283928453191813368 -0.18754244738721403962
1744903228.0010509491 20.506784244251438309 0.4343539344628258303 -0.1943071014226991633
1744903228.1011381149 20.500299904835305398 0.29302473951236840399 -0.20714001036809007172
1744903228.2011940479 20.488690564955465589 0.15248530372982635472 -0.22121626095721463878
1744903228.301183939 20.474962108538811378 -0.00074657548859986388318 -0.23176192550952401383
1744903228.4011790752 20.462070693640054486 -0.15423443842586642694 -0.23903311309119945616
1744903228.5012419224 20.457414815255940965 -0.31059431645496016205 -0.24166894363773780419
1744903228.6012840271 20.460957143731636876 -0.4519888917635408454 -0.24154725351402767108
1744903228.7013781071 20.463005162764638101 -0.59334004986098198842 -0.25317880728181474392
1744903228.8014190197 20.4569279251507119 -0.74261891604326368821 -0.25508523134880445316
1744903228.9014320374 20.456148666675876058 -0.8860032091915511776 -0.2652305895503042632
1744903229.00147295 20.454364721498521362 -1.0260567770630966145 -0.27688880781968805422
1744903229.1014308929 20.449707722758510897 -1.1710405266630021792 -0.29338030745461490811
1744903229.2013120651 20.445172340440009862 -1.3305913298276050849 -0.30644435279120690874
1744903229.3012111187 20.444882300948258091 -1.4752486479046116319 -0.31686166560759737587
1744903229.4013550282 20.43009875632068173 -1.6124621788053754567 -0.31688465443572205738
1744903229.5015249252 20.423784951914939256 -1.7453810091967174589 -0.32365913734675044733
1744903229.6015760899 20.421060868256827092 -1.8819878227325717024 -0.331896356668848036
1744903229.7015810013 20.418686140299087128 -2.019602571352840048 -0.34284142442639281567
1744903229.8016440868 20.424337028174015529 -2.1620343048670900288 -0.34974533411272823447
1744903229.9017450809 20.430716022927427389 -2.2990158644681741862 -0.36102235558811024418
1744903230.0017080307 20.438732298211895966 -2.4435070399073790526 -0.3652411956807450899
1744903230.1016280651 20.449553159895501153 -2.5854783568884247558 -0.380729261269356134
1744903230.2015869617 20.46510198450417306 -2.7295461955863489223 -0.3989122927952233888
1744903230.3016400337 20.475035410815252135 -2.8766375141847526642 -0.40885050728282906762
1744903230.4015419483 20.476514900296749033 -3.0249096548068452606 -0.4284828514779319697
1744903230.5013709068 20.476509552209858356 -3.1676715558024470809 -0.44205512339075558881
1744903230.6012270451 20.487456507591510046 -3.3104305914596801053 -0.45490109013731944154
1744903230.7011480331 20.494754155703351017 -3.453656442265746751 -0.47021512065851261974
1744903230.8011870384 20.495649571112956266 -3.5969303329080881682 -0.48872500243689820376
1744903230.9011740685 20.507445182749627577 -3.741353537203798485 -0.50894016854367774005
1744903231.0012450218 20.516574966519396384 -3.8902859025339302512 -0.52776938808290219107
1744903231.1013250351 20.520486328361883466 -4.0364829395202610485 -0.54073592729501096521
1744903231.2013890743 20.524342830129004511 -4.1804470198953938009 -0.54937925432372003431
1744903231.3014290333 20.525535341971298919 -4.3226453833373259528 -0.55862681673338288046
1744903231.401473999 20.528623994452889434 -4.4634479474627486439 -0.56976320820048242943
1744903231.5014948845 20.530017364430428017 -4.6080478177314798671 -0.57975592424839850203
1744903231.6015388966 20.540284994098144011 -4.7464365497608991262 -0.58845567249555819078
1744903231.7015058994 20.540287904124191698 -4.8889569477130434549 -0.60148971342493195991
1744903231.8015379906 20.545878722057224763 -5.0238728802018304265 -0.61149605787320371331
1744903231.9015610218 20.549028047799406949 -5.161210104903005913 -0.61608006517565050419
1744903232.0015869141 20.552871364136215959 -5.3062169085913772903 -0.62581009313331037447
1744903232.1015820503 20.558113248121586025 -5.4500276496574935337 -0.63398134333906053239
1744903232.2015309334 20.569129772993029803 -5.5937359973910689703 -0.64411722791417924672
1744903232.3015151024 20.576092244571608347 -5.7420292672657531341 -0.65114367861669797399
1744903232.4015140533 20.587109071824226447 -5.8858704363314497954 -0.66140710848544470579
1744903232.5015380383 20.5999969584102125 -6.0289091382876440761 -0.67280080167545908143
1744903232.6015200615 20.600532840985639638 -6.1728057359693444539 -0.68446657821317147263
1744903232.7015199661 20.618323927318257915 -6.314659699430988482 -0.6878202260389369993
1744903232.8015389442 20.617981769042309281 -6.4637765227077794705 -0.69446277964824998374
1744903232.9015910625 20.626337988798866263 -6.6005281353898430652 -0.70218945086974271508
1744903233.0016019344 20.635246562730173991 -6.7491139174710896853 -0.71037351568639983679
1744903233.1016340256 20.652583620444413981 -6.905575394397868827 -0.72178153415279544536
1744903233.2016539574 20.658162723401304106 -7.0567843084950636623 -0.73190126022065160605
1744903233.3016738892 20.669465748356191881 -7.199701684179659722 -0.74526955282072648856
1744903233.4016399384 20.679176587201361315 -7.3384687543048094938 -0.7597757290986243417
1744903233.5018210411 20.699067656989146968 -7.4719984324188475355 -0.76888547332416545821
1744903233.6016020775 20.710494053080907406 -7.5924690946736275166 -0.77037918635436697379
1744903233.7015430927 20.723496055425894014 -7.7182544995146100675 -0.77941393294128724634
1744903233.80154109 20.73574661333866942 -7.859893962363297959 -0.78705054951911623817
1744903233.9015440941 20.751474769596942593 -8.0055989085144769746 -0.79619997064287728605
1744903234.0016000271 20.761577543777804067 -8.1423004674738006514 -0.79601762602367376331
1744903234.1018021107 20.76579873239212759 -8.2615806566281531076 -0.79410026645976727888
1744903234.2020719051 20.770725447242103456 -8.3698093313236974211 -0.79349379974299916185
1744903234.3022530079 20.756419415981980592 -8.485897002180808002 -0.80168453561229791049
1744903234.4022369385 20.742138628667515121 -8.6123923228969019306 -0.81023758040186111273
1744903234.5019218922 20.715211151423378766 -8.7423198959170154154 -0.82124300925343574065
1744903234.6009409428 20.678509836135916089 -8.8796540896825639777 -0.83756037574103070487
1744903234.7001700401 20.632238698637106467 -9.0175329511439752395 -0.85506480966781295283
1744903234.7996239662 20.59133396296985552 -9.1653922300039276649 -0.87486276505014382021
1744903234.8996610641 20.546335756242413595 -9.3104856999570504428 -0.89273783479266566321
1744903235.0001549721 20.49442773335686141 -9.4449588809676878753 -0.9076212775234309138
1744903235.1005709171 20.411274786571961926 -9.5689457379311289031 -0.92548307960698006358
1744903235.2006890774 20.328005123089031514 -9.6776061007415492554 -0.92999959452357527923
1744903235.3007409573 20.224788644153157691 -9.769587158211539446 -0.93400468308561290787
1744903235.4007079601 20.10899826693088599 -9.8463462655037226057 -0.9349173267234903717
1744903235.5005919933 19.987452322174391384 -9.917111971132040793 -0.93562258455603430907
1744903235.6006720066 19.862767409933624663 -9.9753528386032606079 -0.938273229418500887
1744903235.7008309364 19.725401037834160434 -10.024940559882965729 -0.94823229736853775762
1744903235.8008060455 19.583281403213934624 -10.055991992463766849 -0.95269202178537115699
1744903235.9002270699 19.438267053397275674 -10.055573324123622925 -0.96057766951486700524
1744903235.9990940094 19.289910431187873741 -10.049196887868466987 -0.96879987435357461933
1744903236.0981500149 19.157076309223363353 -10.048078963452239165 -0.96276855599608779368
1744903236.198043108 19.034058134307706212 -10.060194831383322267 -0.95383760428104091833
1744903236.2989449501 18.906006744453723201 -10.09511174922585397 -0.9454185902478843273
1744903236.4004900455 18.778929383874885417 -10.136189349057158182 -0.93720688810315977424
1744903236.5018351078 18.638328820587986456 -10.182603040194599942 -0.93455721997930374378
1744903236.6024539471 18.487035043617265018 -10.223802724425077315 -0.93538012948203985708
1744903236.7025439739 18.335284740467102438 -10.263154939607355587 -0.93922847724357316768
1744903236.8021960258 18.195495236328618205 -10.294581889265552732 -0.9371174203972284511
1744903236.9016449451 18.064782345299558841 -10.327110726346747427 -0.93866073816702544352
1744903237.0010840893 17.933642295923718279 -10.361202104226245879 -0.93846006233584988721
1744903237.1005198956 17.797939167548463502 -10.395206275494825121 -0.94164025576334187129
1744903237.2002120018 17.657912937771993001 -10.426152854385152935 -0.9384067085943755826
1744903237.3000979424 17.511462196412040271 -10.462284790637912835 -0.93195176006770330535
1744903237.4000909328 17.367158066687501616 -10.493172300052496126 -0.93942984562821396644
1744903237.5002150536 17.226333417829785333 -10.525527145467506784 -0.9490312995361911419
1744903237.600383997 17.084507997572586646 -10.551268800646447232 -0.9479989574368625771
1744903237.7007620335 16.93450216838147071 -10.581307733921923031 -0.9525290280279917754
1744903237.8008999825 16.786928659429090516 -10.605003199964317062 -0.96174366956591261779
1744903237.9008998871 16.642872793906924755 -10.634540255596780511 -0.96866962847527326996
1744903238.0010049343 16.500778762752517537 -10.668359221200958586 -0.97111333535125854421
1744903238.1015319824 16.356749396641969696 -10.691569632538010737 -0.96381846006805849125
1744903238.2016050816 16.214130489643977739 -10.71120917803139605 -0.95273753251220683058
1744903238.301265955 16.076002134701099067 -10.72266189642444445 -0.93565576309138864808
1744903238.4010720253 15.937336382059687168 -10.721837822808574003 -0.9178663522457789492
1744903238.5014660358 15.800154603559860789 -10.719297408251632575 -0.91048193817163092234
1744903238.6019730568 15.655774115458658713 -10.719322479418197602 -0.90331704746706198428
1744903238.7018549442 15.516466960733675151 -10.711143660578827053 -0.89721201211989654034
1744903238.8009009361 15.376449656674884281 -10.685390976015080255 -0.89346113725968123731
1744903238.9001250267 15.229400617795020523 -10.660898328984416139 -0.89602332868554768197
1744903238.9997520447 15.080964457378231103 -10.642542231750912407 -0.90030766534620843
1744903239.099437952 14.943338318077918458 -10.633133651907614947 -0.89498883481018964847
1744903239.1999959946 14.800680267474728424 -10.636551041942913898 -0.8889902262503545094
1744903239.3012609482 14.656735336639954426 -10.647773190648695874 -0.89001539315072819569
1744903239.4021399021 14.511867496318084036 -10.663508055080129111 -0.89475840504704151623
1744903239.5023429394 14.364567004376985082 -10.67223752985086449 -0.89122528095833797313
1744903239.6023480892 14.218057652933147494 -10.677861100145413786 -0.88983920076766964691
1744903239.7019929886 14.071033331672150979 -10.679245285688031331 -0.8881284318677791223
1744903239.8012089729 13.930294701568724847 -10.674860784416907222 -0.89028953211519834543
1744903239.9006290436 13.782916862219115828 -10.676138886660503147 -0.88933288427842605017
1744903240.0003039837 13.645617652855047908 -10.677040003830860826 -0.88372379145613466633
1744903240.1001811028 13.506645761944295003 -10.677569524882230212 -0.87874662650040935574
1744903240.2002010345 13.362220235953300218 -10.676841556007577339 -0.87507823264889583736
1744903240.3003180027 13.214220506713326486 -10.676585934332591066 -0.87476917312995372544
1744903240.4004459381 13.072647242897463826 -10.675279610232440319 -0.87128716503574654695
1744903240.500592947 12.928428745261300037 -10.673237983145035912 -0.86744781183799046786
1744903240.6007399559 12.784027372631602049 -10.673419126276838753 -0.86036005855069552783
1744903240.7008330822 12.645624524435167046 -10.672260888926690114 -0.8504982721239106036
1744903240.8009960651 12.505569490946674804 -10.670081040415078988 -0.84439272063274550817
1744903240.9011108875 12.357832121140649662 -10.670155353394088493 -0.83510886124932925956
1744903241.0012419224 12.2076056451645929 -10.674199648801350193 -0.8281716029836441173
1744903241.1013159752 12.066448840443866786 -10.670592925277203378 -0.81754243264986248274
1744903241.2013890743 11.92234447229038885 -10.668733529086928513 -0.80951958924664291217
1744903241.3015038967 11.777915431080087316 -10.667396094141610163 -0.80261412018133349022
1744903241.4015130997 11.633918023688337939 -10.670098280486469022 -0.79716612495913163894
1744903241.5015380383 11.488237593392430114 -10.674649448807357999 -0.79435446802924836174
1744903241.6015748978 11.341855464152494903 -10.676833229946582904 -0.78921639025550482938
1744903241.7015609741 11.191520200712895772 -10.682615228583490108 -0.78905307709694449958
1744903241.8015658855 11.045850118555852859 -10.68361926294717712 -0.79616911109811183689
1744903241.9016170502 10.900161164583550999 -10.685885112939379482 -0.79957444552592493725
1744903242.0016260147 10.752808658026456357 -10.688358360001423364 -0.80198669979887693415
1744903242.1016941071 10.608578708976603266 -10.69217211314242455 -0.80212644039314684452
1744903242.2017259598 10.458852138807028354 -10.696348379508931359 -0.81190869998771075799
1744903242.3016989231 10.313611964950718303 -10.695638717186998434 -0.81527103274653667242
1744903242.4017379284 10.170109307658258047 -10.698307205890797533 -0.81904545255337446452
1744903242.5018310547 10.027697662969387693 -10.703677656940190133 -0.81297787433521284672
1744903242.6017479897 9.8830878238428709892 -10.704020493652372181 -0.80250638074972224789
1744903242.7017629147 9.7430765196086195346 -10.704019120320468872 -0.79344505205683535376
1744903242.8017270565 9.5975393541055407098 -10.709759557341827829 -0.78718270248763488883
1744903242.9017269611 9.4529444241729798648 -10.712124894852660617 -0.78239205166122727242
1744903243.0017271042 9.3016468334428079601 -10.711325298770310255 -0.7780914325727418257
1744903243.1017270088 9.156470097211864001 -10.710986430781593626 -0.77860236634976298653
1744903243.2016839981 9.0137690466326656491 -10.715567385201616446 -0.77617590670746072767
1744903243.3016929626 8.866936260438309958 -10.719335200008337949 -0.77280252614060340743
1744903243.4017219543 8.7256306764207920423 -10.725069461526640424 -0.76248328204060933366
1744903243.5017249584 8.5827748831577839184 -10.729876739772329586 -0.76216164789112872402
1744903243.6016631126 8.4360779672061738665 -10.734623315836872237 -0.76745830950323734587
1744903243.7016670704 8.2925893300965167754 -10.737613974150056251 -0.77100222117517369647
1744903243.8016951084 8.1482058830159402874 -10.739713319110034462 -0.77247222534079562628
1744903243.901665926 8.0044137579758256607 -10.746481829334724623 -0.77269776378848631371
1744903244.0016949177 7.8569996751211714781 -10.751422138379169269 -0.76974820098064788976
1744903244.1016750336 7.7083683500653936704 -10.757123640194521386 -0.7640060197664024777
1744903244.2016370296 7.5629105427428688913 -10.77202669080007702 -0.76122610101259435833
1744903244.301680088 7.4148392624532517559 -10.784077619155960193 -0.76092424751904097491
1744903244.4017670155 7.2713711103174087924 -10.791493861583012048 -0.75499281518986272044
1744903244.5018730164 7.1258262924155797435 -10.800019408690125999 -0.75720629487945367853
1744903244.6017971039 6.9868108255575727128 -10.805136656167483977 -0.76138207011555147918
1744903244.7017951012 6.8439625860182102812 -10.809346921483214743 -0.75813942187025851194
1744903244.8017649651 6.7016759991829033538 -10.815191460679821844 -0.74971389576017199996
1744903244.9017460346 6.5602949971296791176 -10.826846139559176407 -0.74791312428943967916
1744903245.0017309189 6.4116340359048384911 -10.823414260131899667 -0.74053165201478232671
1744903245.1016879082 6.2700895655273596319 -10.825292433164189987 -0.73466138264899316646
1744903245.2015180588 6.1352180525010782119 -10.836678718074105987 -0.71967877123400258998
1744903245.301320076 6.0197477393399836387 -10.846750164607772859 -0.71000967784051194354
1744903245.4010930061 5.905480221811490793 -10.854070928189196721 -0.71439723473316141256
1744903245.5011320114 5.7804363931294959755 -10.870781154309961281 -0.71096398876745514617
1744903245.6012310982 5.6533514639508704036 -10.896500525382752045 -0.70794576337846126801
1744903245.701267004 5.5164508820750981499 -10.929732075021515669 -0.70718104759048128205
1744903245.8012869358 5.3880386703927625192 -10.964003602253022507 -0.70668469056944693829
1744903245.9014909267 5.2613020770105345392 -11.010096912221595034 -0.70882810206338886516
1744903246.0017490387 5.1354110809296633633 -11.066053295255313671 -0.71612768539178761618
1744903246.1018979549 5.020433782814846424 -11.130022677631377093 -0.72472861008602640354
1744903246.2017290592 4.9123432568044806956 -11.204705620511653308 -0.73543204482404433975
1744903246.3014099598 4.809530292879034441 -11.28290650488436242 -0.73822383956504700198
1744903246.4011399746 4.7101935974118545047 -11.357796709661904799 -0.75048213719896850193
1744903246.5012609959 4.6135312815415563392 -11.437083201938422761 -0.76861105981044752777
1744903246.6015610695 4.5243515148153141681 -11.528999046663685135 -0.77935629575821896431
1744903246.7018520832 4.4520539268282544043 -11.633377692847458817 -0.7863393723931203505
1744903246.8020749092 4.3929486706376170702 -11.739851398251799353 -0.78690430925595167277
1744903246.9021580219 4.3529874996847599533 -11.850235209543221515 -0.79565571559482617392
1744903247.0020780563 4.3119560241005885359 -11.958444898314631644 -0.79895049104915905058
1744903247.1018819809 4.2729388095881706278 -12.077172213117572497 -0.80053877931887018615
1744903247.2015910149 4.2531507277494480235 -12.198824978506291217 -0.80745871821278580871
1744903247.301199913 4.2290307362256545076 -12.313473938555004494 -0.81593693963904723176
1744903247.4008910656 4.2098272196192878525 -12.431647525402469867 -0.82687160556931105226
1744903247.501306057 4.2150463388534911147 -12.570087315930310368 -0.84373283309284663467
1744903247.602050066 4.2291658896462864803 -12.732240382815980695 -0.86751902671712444182
1744903247.7023160458 4.2385627864634534134 -12.892240432860642585 -0.8813430370045368667
1744903247.8017659187 4.2471398675402340928 -13.038974064466158254 -0.88948911688019538513
1744903247.9012110233 4.2484985992669646038 -13.181460539175127167 -0.89375244791264407684
1744903248.000658989 4.2441088217398785787 -13.312610396460133444 -0.89496989961605577513
1744903248.1003301144 4.2466495654366802626 -13.43940723825716077 -0.89975206233525206745
1744903248.2001531124 4.248957018753261039 -13.578622400122185354 -0.90631733485168763931
1744903248.3001060486 4.2495520831043718246 -13.726421149591901738 -0.92102479712716811555
1744903248.4002048969 4.2631025179984529672 -13.881608560976840039 -0.93015336000947534956
1744903248.5003418922 4.2725494697573855873 -14.031809370385156299 -0.93736097269561435841
1744903248.6005060673 4.2809218937471387179 -14.177591561946494281 -0.9431238520910364409
1744903248.7006220818 4.2905393785081420432 -14.31934115435711341 -0.95090471574361767892
1744903248.8008000851 4.2978139531204515578 -14.452659895722787198 -0.95864805253987595002
1744903248.9009120464 4.3028589646139909775 -14.589829002008983139 -0.96488605766786927909
1744903249.0010430813 4.3021067610299796868 -14.73415034458218642 -0.97706693530084509636
1744903249.1011099815 4.3042472862764649122 -14.881299292678155766 -0.98736361752158774419
1744903249.2012250423 4.3141319848211692189 -15.030299929581056873 -0.99514226890116841417
1744903249.3013060093 4.3179419969895969089 -15.178636423795991206 -1.0081218023354754365
1744903249.4013829231 4.3211155840594539512 -15.335959135397649433 -1.022535383573041079
1744903249.5014250278 4.3191823540260285696 -15.482721789528747891 -1.0351640968702819912
1744903249.6014709473 4.3198744144414220614 -15.62685148549623726 -1.0397431942826205198
1744903249.7014989853 4.3227128181570915189 -15.774963157719820828 -1.0410573014833477412
1744903249.8015151024 4.3258615415678525196 -15.916448527813974678 -1.0423266919245024464
1744903249.9015870094 4.3261947552153756646 -16.060349660231469926 -1.0733535582333544323
1744903250.0016160011 4.3347022362227090042 -16.203273079849047633 -1.0890657786914172966
1744903250.1016550064 4.3420186237311098054 -16.342600579291897134 -1.0827844079753501383
1744903250.2016499043 4.3531720968448013309 -16.487529934989449742 -1.0937330762392416528
1744903250.3016479015 4.3619475245430461285 -16.622776270923651509 -1.1108401583281928282
1744903250.401704073 4.3707335875623929411 -16.758438674706546578 -1.1198114728762780246
1744903250.5018799305 4.3827853472044910887 -16.894148230059386151 -1.135026976559053935
1744903250.6017000675 4.3950371790343343292 -17.028202300250235623 -1.1481578518921655707
1744903250.7016599178 4.4039438076438708336 -17.165560691609616839 -1.1564703003049041641
1744903250.8016560078 4.4082314429829834168 -17.3088667480251992 -1.1665774217288713555
1744903250.9016931057 4.4150482961357040423 -17.453178095530962111 -1.1762892948319871866
1744903251.0016989708 4.4185232791243898021 -17.586402335078197723 -1.1785287313855963287
1744903251.1017100811 4.4277746017761394626 -17.718621260510609261 -1.1944120227493857378
1744903251.2017140388 4.4395233607322790448 -17.86568558175028798 -1.2134154036757842654
1744903251.3017139435 4.4491194429806419919 -18.01629809817900707 -1.23157103672356949
1744903251.4017388821 4.4591247001352130042 -18.160330931405688659 -1.2452124987064097095
1744903251.5017960072 4.4673218657019724276 -18.304740881186997825 -1.2581036367788838159
1744903251.6016840935 4.4757043363081896459 -18.447976491631902007 -1.2715832710905448089
1744903251.7017250061 4.4795422821509047751 -18.581108685026510585 -1.2862053736838148232
1744903251.8016929626 4.4900857040627135675 -18.727321898005129697 -1.296178775993414467
1744903251.9017050266 4.4988942315569220298 -18.868808665698779237 -1.3094181990975741758
1744903252.0017530918 4.5104988290285366048 -19.012179435111640657 -1.3194422826439251573
1744903252.1018569469 4.5185910244617435438 -19.150423274131707529 -1.3305438530530189212
1744903252.2019000053 4.5291409118663086275 -19.299079564201957027 -1.3361849552783411355
1744903252.3019189835 4.535070299416088524 -19.43736411641664219 -1.338671119249810415
1744903252.4020380974 4.5399589518481420214 -19.555637893571567787 -1.3390184501463930911
1744903252.5022239685 4.5374898965334296008 -19.674827053191133786 -1.3371622642648290924
1744903252.6023819447 4.533597550469253612 -19.788033130217119293 -1.3354602270679269971
1744903252.7023079395 4.5156647118306443289 -19.890867492027545893 -1.3329802021189312011
1744903252.8017361164 4.4877448113362108373 -19.98395852928933536 -1.3252923991964471462
1744903252.9005599022 4.4632355795717284508 -20.065991654903974961 -1.3300176452317797882
1744903252.9993879795 4.4398424384182666458 -20.128961163606554408 -1.3305219431901653682
1744903253.0989279747 4.4017039809308649012 -20.181084921204305971 -1.3526068708596687973
1744903253.1993188858 4.376069465363007005 -20.229252465038754849 -1.3813130576067977895
1744903253.2996730804 4.361548998609550587 -20.256766669597570996 -1.379366208688229678
1744903253.3995931149 4.3693764536426087375 -20.257301530585550609 -1.3520994520447586762
1744903253.4992818832 4.3742931254614703107 -20.263584331298787333 -1.3518358851228122752
1744903253.599490881 4.378299922020991275 -20.266334365041256405 -1.3582822182466960381
1744903253.7002959251 4.3697898149702334436 -20.283856244651598644 -1.3641564393252787468
1744903253.8011109829 4.3605445556955659825 -20.296698860700420397 -1.3703629658544980163
1744903253.9014658928 4.3450720054490385991 -20.317626683035147295 -1.3728787016414973898
1744903254.0013079643 4.3316372881687943419 -20.319409580298206208 -1.3870117298989821375
1744903254.1009640694 4.3198971883704295749 -20.326583236867378446 -1.3854837736753329303
1744903254.200674057 4.3166581441846068046 -20.315340716004467225 -1.3912754985599111723
1744903254.3008921146 4.3103449339280750507 -20.3140720286080807 -1.3986692577223924783
1744903254.4013860226 4.3096446733972175736 -20.328767179966853007 -1.4042539258764845655
1744903254.5018770695 4.3068263825549761847 -20.319158023440067495 -1.4091177706491226918
1744903254.6019790173 4.2942816994030250655 -20.319105056910895968 -1.4115654597043827412
1744903254.70144701 4.2965296741006255843 -20.309061061969288176 -1.405540710396970594
1744903254.8008930683 4.2954040340843357981 -20.313676770628958934 -1.4038197630110389458
1744903254.9006979465 4.2865345334565274626 -20.309340672218510804 -1.3954301838288689641
1744903255.0003941059 4.2836774852271428671 -20.306834266025486357 -1.3933276049967422416
1744903255.1002941132 4.2870852030195178983 -20.307153548258593645 -1.3864489074276997727
1744903255.2009370327 4.2875799826090617017 -20.31145185542542464 -1.3795256702041553964
1744903255.3019230366 4.2883143540330737054 -20.317551359776153674 -1.3832323190491380149
1744903255.4025609493 4.2833904096976755937 -20.31323660377512752 -1.3799824667362201591
1744903255.5025069714 4.283141909333329167 -20.303289411034498357 -1.3764916995599971727
1744903255.6021440029 4.2747346305670346212 -20.299919006249240283 -1.3793894134370248139
1744903255.7017700672 4.2651749435444292757 -20.295353876004600835 -1.380400424095263423
1744903255.8012199402 4.2548738467203017777 -20.300685333407507471 -1.3787948871592827782
1744903255.9006359577 4.2494266870442398698 -20.302892525453721362 -1.3727769359962276319
1744903256.0000970364 4.2494341801228108224 -20.299055368602427762 -1.3670153731622722848
1744903256.0997769833 4.248174599787896355 -20.280995798971492405 -1.3639020708264564252
1744903256.199532032 4.2449880310813590256 -20.2483143107806427 -1.3634280618762422144
1744903256.2992939949 4.2358293855522815008 -20.204297328803683342 -1.3686159207466963572
1744903256.399107933 4.2251488422230289999 -20.150460477793306069 -1.3658273338776276695
1744903256.4989171028 4.2175912182260466565 -20.09793137701569421 -1.3620889953743706702
1744903256.5991079807 4.2140880140491763228 -20.049378888608831772 -1.3562594643773526748
1744903256.6996760368 4.2022008514126394374 -19.982762887147028863 -1.352518548125771547
1744903256.8003358841 4.1918368683984290612 -19.911218367624275771 -1.3504790910712733965
1744903256.9008879662 4.175846945155405443 -19.82451827998491467 -1.3423507258934799236
1744903257.001324892 4.1615763612659115722 -19.731766439852602701 -1.3334031092182714318
1744903257.1015861034 4.1466019319368516705 -19.63196008926082925 -1.3259609978069633041
1744903257.2019290924 4.1257625245743847486 -19.512844003899004974 -1.3157935971065768399
1744903257.3022890091 4.1095019163634853854 -19.387892005565127818 -1.300266318596711379
1744903257.4026279449 4.0974276331631491743 -19.261144600213178535 -1.279660318219945081
1744903257.5025639534 4.091485465143376743 -19.144114874808693116 -1.2726982374816704358
1744903257.6017999649 4.1022516220277651655 -19.058845984639074089 -1.2645176908003912253
1744903257.7002549171 4.1186999116044367142 -18.97844378817465838 -1.2575037618582962651
1744903257.7991039753 4.1345407479544764584 -18.887743653064582361 -1.2457034751164763886
1744903257.8985309601 4.1454960225740524749 -18.791139265599205999 -1.2493418487158265417
1744903257.9982779026 4.1495514768381402959 -18.685782489451156607 -1.2428936691938226033
1744903258.0986549854 4.1475335509380961696 -18.585398478164886882 -1.2366460006124959659
1744903258.199559927 4.1379635206241491829 -18.46340168105611923 -1.2292710320411941449
1744903258.3003590107 4.1309710009341555903 -18.32927704228992738 -1.2205382157703841273
1744903258.4008688927 4.1191774889417693828 -18.184290956444748133 -1.2093976520394744689
1744903258.5010750294 4.1039418106375897821 -18.043797122154554557 -1.2040774575027859417
1744903258.6011939049 4.0917209121072746214 -17.912205324467532108 -1.1985969177182220768
1744903258.7012279034 4.0795704090811693021 -17.77541645148125582 -1.1870889139452465155
1744903258.8012239933 4.0720176156653051791 -17.627104536993492445 -1.1854645986940064439
1744903258.9012360573 4.0626334794717893217 -17.474007500686418837 -1.1836208232494840331
1744903259.0012869835 4.0611197236619913653 -17.314810954449697533 -1.1760118972212836308
1744903259.1013610363 4.0574532352323311457 -17.165242835946699529 -1.1669197193700628912
1744903259.2014200687 4.0608605095400207574 -17.022738547215876537 -1.1705228551456023922
1744903259.3014659882 4.0645886895778389203 -16.884190370296348505 -1.1726295534783965913
1744903259.4015629292 4.0699489887552600109 -16.745110862632877513 -1.1689517752762652592
1744903259.5015668869 4.0799747797833747498 -16.606190777152381344 -1.1592041058049924462
1744903259.6015999317 4.0821169001963086842 -16.464906287587385947 -1.1444638912916254014
1744903259.7016379833 4.0804551920753198146 -16.321903948934810558 -1.1280786156367248463
1744903259.8016970158 4.0845432444514182535 -16.180761714089371139 -1.1111520254432314392
1744903259.9016919136 4.0763506625595811173 -16.035298689321955123 -1.0837918375284747441
1744903260.0017230511 4.0624295477413552291 -15.89796124205643757 -1.0593458108451574429
1744903260.1018800735 4.0571228004368879994 -15.758271132455643482 -1.0421437810470079999
1744903260.2020730972 4.0561922768353877444 -15.613509581563965511 -1.0197225392129884991
1744903260.3019850254 4.0544884440636552725 -15.466357557777358878 -1.0049698872651555703
1744903260.4016120434 4.0530439754251759155 -15.319172300749862359 -0.99356139066200588328
1744903260.5013790131 4.0479806483052866994 -15.178501609173869369 -0.98496632491113345065
1744903260.6012630463 4.0448988292795169386 -15.036330283838768906 -0.97870500007209615401
1744903260.7011590004 4.0450556571474409751 -14.895629462514923702 -0.97670848140487465106
1744903260.8011939526 4.0440591960491802936 -14.751904042758775759 -0.96578779433630912443
1744903260.9012799263 4.041194005331574246 -14.607072626708381691 -0.95408213224627058668
1744903261.0013608932 4.0468360820319357885 -14.461799668934697038 -0.93624961721607691256
1744903261.1014420986 4.0505312081148856507 -14.319022585699276107 -0.92042932744069394513
1744903261.2015209198 4.0487767443890056995 -14.171754903673008386 -0.91271019307461642711
1744903261.3017239571 4.0429684825473932719 -14.029315859221291873 -0.89252897202193859361
1744903261.4020750523 4.0440643798000150966 -13.889310581554820345 -0.88418005688941969655
1744903261.5025229454 4.0556058961790517614 -13.741326882718611913 -0.88430986182195947531
1744903261.6025059223 4.0798202715558211651 -13.598571265313834644 -0.87873493723352558149
1744903261.7015430927 4.1062519199901066358 -13.470569583848901019 -0.86978128244455843454
1744903261.8003740311 4.1388082221386079951 -13.356808497617667086 -0.85991356750008907106
1744903261.899821043 4.1691611782764006477 -13.24086984524644528 -0.85602423457425780295
1744903261.9999699593 4.1959072906974190786 -13.111030125487651787 -0.8466779079205726255
1744903262.1006710529 4.2220445209594306135 -12.972058395838731215 -0.84376390845024229481
1744903262.2011959553 4.2539446559527025471 -12.82507431781790963 -0.83774999351654133584
1744903262.3012330532 4.2986698643338208115 -12.68236635300074866 -0.83883164368184592874
1744903262.4011099339 4.3488922855089073849 -12.553681669371005825 -0.83877246082295497942
1744903262.5005939007 4.3965196180117160907 -12.431463251329871511 -0.8303599904707290591
1744903262.6002910137 4.4480695783647714592 -12.305242698272335744 -0.82542547308721136989
1744903262.700592041 4.506171105083473627 -12.187070997636704206 -0.81494247228830096752
1744903262.8016450405 4.5731319500900973196 -12.06491165744079197 -0.80921635256103707778
1744903262.9027240276 4.6420586062319388887 -11.940934192125949309 -0.80719125838311234222
1744903263.0029530525 4.7126263947031716839 -11.816418717971265195 -0.80005225974536398059
1744903263.102159977 4.7952045032214520859 -11.709503826109088465 -0.78665300382871938822
1744903263.2010059357 4.8911972657826181532 -11.623022753867800816 -0.77531003880050908261
1744903263.3000590801 4.9974551943606044802 -11.549303284915369616 -0.76695736123446667243
1744903263.3985009193 5.1191628356283853662 -11.49200239444811622 -0.77073407976178820444
1744903263.4970910549 5.2430292195610581629 -11.437787750054754454 -0.77578199981609352598
1744903263.5971319675 5.3844362700270940181 -11.381012989914392364 -0.77031243712260244472
1744903263.6984300613 5.5291853472456393703 -11.323527095024479294 -0.76254004646004136525
1744903263.7999420166 5.6650632876652640135 -11.271899040628504451 -0.77035086006972497419
1744903263.9002900124 5.7932188898421985712 -11.229812330212835647 -0.76447255613335984847
1744903264.0001370907 5.9198365797184706594 -11.195724290229110309 -0.76383996691476507834
1744903264.1004960537 6.0537403346805174209 -11.170618908344824405 -0.76628523552709215672
1744903264.2007980347 6.1881953636935547181 -11.150394250493464554 -0.77495989659888764312
1744903264.3005869389 6.3291461099275778679 -11.122261419632444301 -0.78670568374019633762
1744903264.4004778862 6.4688458296603652542 -11.091151757550655077 -0.79958039606843989144
1744903264.5008080006 6.6082346377005878324 -11.065204007186483892 -0.80982321717683836138
1744903264.6012659073 6.7476097790597986403 -11.041922959494971934 -0.81450115681359713804
1744903264.7014930248 6.8855425637143303774 -11.025605104687087987 -0.81396340002221645449
1744903264.8015859127 7.0157434271707952433 -11.009758295799553451 -0.81550254014093781496
1744903264.9018800259 7.1465293364443081003 -11.002057430257426773 -0.81265089005571389258
1744903265.0021800995 7.2726748687163063067 -10.992863018173608225 -0.81587152042162980337
1744903265.1020679474 7.4030023758020941926 -10.992587493468210624 -0.8135340673200799344
1744903265.2016789913 7.5251082298424245565 -10.996325233283135603 -0.81358634834432574934
1744903265.3013780117 7.6602709370689767709 -10.991384234229832018 -0.80772430935739003566
1744903265.401252985 7.7845586815585381402 -10.98575597121357994 -0.79705335292386725321
1744903265.5012800694 7.9092160097182286904 -10.976400163616050421 -0.77988778519215695706
1744903265.601336956 8.0329190116177713321 -10.974008250565184142 -0.76706013857680976908
1744903265.7014861107 8.1586291592052582189 -10.972711653937619047 -0.75684504715458744695
1744903265.8015530109 8.2900599806861219321 -10.964055838742124749 -0.75814025704657506122
1744903265.9016299248 8.4255545957191966266 -10.945933414254399807 -0.75933231221770658426
1744903266.0016489029 8.5766128096713387663 -10.930261857310558327 -0.76553292444745635326
1744903266.101706028 8.7318710193960260568 -10.914478998206234905 -0.77429919970280791652
1744903266.2017679214 8.8865337986342272103 -10.902116828262018444 -0.78313784625229698744
1744903266.3017580509 9.0280260559633163098 -10.899096351424528706 -0.78757808389238526114
1744903266.4017820358 9.1562417813499568098 -10.894095369785855354 -0.79226474026156579189
1744903266.5018980503 9.2767930727194300999 -10.890737307069858986 -0.78894348510776568517
1744903266.6017990112 9.3984064260134587698 -10.88556220889061521 -0.79017936117306364352
1744903266.7018139362 9.5230405103983848392 -10.881174221795403056 -0.79632961738935403861
1744903266.8018369675 9.6574759349824876864 -10.878703422853570615 -0.80058811233319249201
1744903266.9018900394 9.797961863951888617 -10.876546487784041872 -0.8040796915140262513
1744903267.0018920898 9.9310358206993267771 -10.871378009555208166 -0.80690524701365740068
1744903267.1018610001 10.060183238364951208 -10.867027970047530516 -0.80808110829422097332
1744903267.2018890381 10.185860275284365883 -10.855558682481916577 -0.80408499884390371992
1744903267.3018949032 10.325085892474040961 -10.843704151313978912 -0.80026043062160889807
1744903267.4018819332 10.46248868834170942 -10.827360796331516823 -0.79695014112009276985
1744903267.5019590855 10.604286852917299555 -10.812129861493966487 -0.79410687537651702961
1744903267.6018691063 10.748172334129176164 -10.800541953814946083 -0.79049204196044131621
1744903267.7018799782 10.891729275363037033 -10.788003037341548307 -0.79492503758265065095
1744903267.8019940853 11.031298942370064253 -10.776312767975458229 -0.78560781132515355996
1744903267.9021968842 11.163757913653604703 -10.763220369947749333 -0.78956009748369315737
1744903268.0022099018 11.30090957536865659 -10.756868124318428315 -0.79253645786531501383
1744903268.1018640995 11.426278950882046814 -10.754381684062629176 -0.8021221416149034722
1744903268.2015988827 11.547913255107006947 -10.750821452110455922 -0.81509794346909170137
1744903268.3015360832 11.681718299954653162 -10.757375154238316028 -0.82889149726779709493
1744903268.4014050961 11.824412393726714043 -10.764180893302492947 -0.8508136190163435586
1744903268.5012540817 11.978204950132258944 -10.766649491095973801 -0.8655383126157634166
1744903268.6011381149 12.122514727151866509 -10.768516797042950728 -0.87549606570475579925
1744903268.7011270523 12.250766998967362653 -10.773343006266999922 -0.89022797408525999874
1744903268.8011639118 12.372091778851105559 -10.775407753041241321 -0.89754212797488641673
1744903268.9011778831 12.50063556707526935 -10.773547563923843384 -0.90183660010858879286
1744903269.0013198853 12.627924504841020692 -10.771856299039384908 -0.90022426658633591945
1744903269.1014270782 12.750881276944804554 -10.768245064943767986 -0.90594887352213504528
1744903269.2016251087 12.873291574331386045 -10.764615750225480895 -0.91088963185684768131
1744903269.3017261028 13.001150380717673372 -10.761463960350971192 -0.91287617847437874108
1744903269.4017879963 13.136626609810713617 -10.76484978418595162 -0.9079498308661547723
1744903269.5019350052 13.28301172264729324 -10.770922422002275454 -0.90461958267108311116
1744903269.601886034 13.432438316944534051 -10.773422237674296298 -0.90915691864951753143
1744903269.7018818855 13.574045503517067957 -10.777888496613082125 -0.90786504903891529494
1744903269.8018620014 13.713766043865712518 -10.780852910282092694 -0.9129494577249510634
1744903269.9018809795 13.861000820056176508 -10.780858972920091432 -0.90501903072540446082
1744903270.001885891 14.018783316464080713 -10.779214239345400017 -0.90240486940921316172
1744903270.1018970013 14.168764968862253895 -10.773715991005632375 -0.90392404765957135027
1744903270.2018899918 14.320296850194569771 -10.769032710024390553 -0.90496760793900632436
1744903270.3019349575 14.468772323282632186 -10.762498193569573601 -0.91295313316614601362
1744903270.4019310474 14.612529511994665654 -10.760842810903293199 -0.92460907514126122742
1744903270.5020320415 14.760355560961059496 -10.754327217744146239 -0.92745048392380879942
1744903270.602009058 14.902542794193070819 -10.749671837649854567 -0.92223060362829623049
1744903270.7019109726 15.041067076443246364 -10.744721060030370197 -0.92417844604418886156
1744903270.8017849922 15.177128697117851175 -10.745766906751612169 -0.9230065000613059123
1744903270.9016809464 15.315404751179372056 -10.750266842226372077 -0.93047793356717767299
1744903271.0016789436 15.448799936122247445 -10.754521356410878141 -0.93866943946585001957
1744903271.1016919613 15.577987124483113845 -10.755883875346038181 -0.92526909325641049087
1744903271.2017049789 15.704077824838087452 -10.754639989776109132 -0.92524265190864907193
1744903271.3017220497 15.827261799485208726 -10.751068252046296791 -0.93063070199511666036
1744903271.4017939568 15.950178302045200596 -10.74477715005751044 -0.93752240118399576829
1744903271.5020039082 16.070589284419760645 -10.738667851251637586 -0.92867659730943252772
1744903271.6017780304 16.195916639265195869 -10.735864355824819683 -0.92929122279705556053
1744903271.7018129826 16.334168536863217014 -10.732925430972244385 -0.94475721176206695073
1744903271.8018391132 16.472852515937255191 -10.725666966995994756 -0.96240015502719378215
1744903271.9018828869 16.601903216672781127 -10.721750413000872726 -0.96187038165989291461
1744903272.0018908978 16.72053931030311702 -10.720717331253323934 -0.95751343788109288813
1744903272.1018850803 16.834359815727911069 -10.717913291955451172 -0.97023338491167454567
1744903272.2018949986 16.948135470737483388 -10.715247678705923207 -0.97754044486920621537
1744903272.30189991 17.06343442942631583 -10.716049346253324615 -0.9807482682921121464
1744903272.4019160271 17.166939262255883847 -10.715231183615490096 -0.98331886075758279109
1744903272.501955986 17.263550745319626856 -10.720050218007749265 -0.98080445659970239003
1744903272.6018810272 17.359690182101910949 -10.724749107349150989 -0.97871195101848307285
1744903272.701925993 17.460389531370648086 -10.723991383882838235 -0.9786182507270105857
1744903272.8019590378 17.569761752146913381 -10.723503478914285125 -0.97369542389347574218
1744903272.9019699097 17.678875158627484154 -10.724282626712517086 -0.96610231669061419346
1744903273.0019519329 17.791590599736689882 -10.721991637611306913 -0.96655377204196035734
1744903273.1019740105 17.915496240728572275 -10.718847233774356553 -0.96441156515346160294
1744903273.2019629478 18.036038629333155825 -10.713959885893743262 -0.96403080970526522364
1744903273.3019790649 18.157280030723182307 -10.705961248573304445 -0.97117469175375281676
1744903273.4019610882 18.28134861727363969 -10.704650165334122391 -0.97509285730150607741
1744903273.5019760132 18.398954269514582904 -10.707382318809246513 -0.9785222495272294374
1744903273.6019558907 18.522379195410000108 -10.70214878022182603 -0.98077509077278135496
1744903273.7019240856 18.642999519188094837 -10.692915037584111104 -0.98248636779109721484
1744903273.8019309044 18.776458658616377306 -10.683761014339397732 -0.99133359684593769234
1744903273.9018950462 18.903245717231751399 -10.683123911412204521 -0.99924317612463053884
1744903274.0019090176 19.026092870090153042 -10.682592932152813248 -1.0012843704910729947
1744903274.1019001007 19.135913734105194806 -10.681290195822949585 -0.99934802733737970737
1744903274.2018959522 19.237047354031194146 -10.677367732088063335 -0.99554455909609984587
1744903274.3019049168 19.337572950941478211 -10.674374496654399636 -0.98977494697790124878
1744903274.4019238949 19.436818957457926871 -10.667099944730264127 -0.98513206853518442419
1744903274.5019569397 19.539852789953354062 -10.662851088203264993 -0.9887907306819392339
1744903274.6018788815 19.649629946960882165 -10.653195436378236849 -0.99142375552179917708
1744903274.7018098831 19.76302197593897958 -10.648424537757749775 -0.99192306963832233002
1744903274.8017990589 19.872499271738384152 -10.643596765589386166 -0.99364026837606755915
1744903274.9017820358 19.984048457410178656 -10.630319741554940194 -0.99356030560631936055
1744903275.0016109943 20.090617914641491382 -10.621289728718339873 -1.002570537811728224
1744903275.1013441086 20.184886479640830714 -10.613825659226229448 -1.0127648002225910773
1744903275.2009940147 20.272165908549109048 -10.607624254723477364 -1.0226353863922268417
1744903275.3007500172 20.352377330201434802 -10.60691502618703197 -1.0202875223498457657
1744903275.4008710384 20.421548987902724548 -10.60080972228956675 -1.0069079115449832695
1744903275.5011370182 20.48769253069704277 -10.581794411898243879 -0.99010106741466163971
1744903275.6015479565 20.553224126599591415 -10.551759878882998933 -0.97982517491678466914
1744903275.7020010948 20.620248993668617743 -10.515614904205028424 -0.97376506432665477231
1744903275.8022921085 20.686202521191798809 -10.468383025282120613 -0.97096505775622243828
1744903275.9023559093 20.741584331967665378 -10.413333010150656932 -0.97648551105778702563
1744903276.0022509098 20.802895051382019886 -10.361053681189746456 -0.97732678161046604437
1744903276.1020100117 20.85491409290153797 -10.31246389476501335 -0.97528050927775555845
1744903276.201843977 20.892377342920390504 -10.252991051605519601 -0.96448045952126271185
1744903276.3017339706 20.926133092166111282 -10.182908458911883898 -0.9587694729737946675
1744903276.4017169476 20.955622013382811275 -10.102396283690325163 -0.95444131899715767275
1744903276.502010107 20.974640041151246805 -10.014419009910332292 -0.94765265587340774545
1744903276.6024479866 20.987920800553339973 -9.9190902760611177058 -0.94179586680304705482
1744903276.7024610043 21.00729320838006231 -9.8194524998202705746 -0.93760917484514783027
1744903276.8017170429 21.020422852340750808 -9.7260233160368851912 -0.92889744253350170489
1744903276.9005320072 21.034961833273083442 -9.635135712483359427 -0.92625692125787595366
1744903276.9999499321 21.048548122125136928 -9.5380700186250031436 -0.9224571181927605501
1744903277.0999510288 21.053363857624113109 -9.429695852828315239 -0.92699228337140260336
1744903277.2002060413 21.057777987294997502 -9.3201688581795885113 -0.92208566861450180774
1744903277.3007750511 21.057651750269190671 -9.2150006229489136444 -0.92801266140046234643
1744903277.4016129971 21.048498216442201425 -9.1034823568309874986 -0.92931675505376920565
1744903277.5020360947 21.028100243034860029 -8.9857402250815034961 -0.92674154498691563298
1744903277.6020019054 21.006638531652217949 -8.8733737167679826996 -0.92525781752140456859
1744903277.7017478943 20.984946198528849237 -8.7628540773135874531 -0.91546796225391435797
1744903277.801486969 20.961849173644107935 -8.6675818031159046484 -0.91243317753105823709
1744903277.9014120102 20.938506240907223344 -8.5776883002197408246 -0.90582543856346930955
1744903278.0016560555 20.913896851310393998 -8.4807053401296244033 -0.89405870602737258501
1744903278.1017200947 20.892395511042682443 -8.3804341799560724269 -0.87410043015639748987
1744903278.2013990879 20.881656867889581974 -8.2779097658745879329 -0.85506035465893837078
1744903278.3010311127 20.877133628337830373 -8.1772981044763053404 -0.84225525900691555758
1744903278.4009029865 20.876806901830725849 -8.0751481408477570056 -0.82472433865644700912
1744903278.500991106 20.874690580598358025 -7.9685697970620301689 -0.80755411811562405333
1744903278.6011340618 20.877398846069656457 -7.8541632752716665777 -0.78951125977589575733
1744903278.7013349533 20.887939173407161775 -7.7391406323918703336 -0.77156539693034031924
1744903278.8014268875 20.901509574070775699 -7.628845893084867491 -0.76287159797940140571
1744903278.901556015 20.904170438729984483 -7.5220749537305113819 -0.75543213228630756717
1744903279.001609087 20.899430950789813721 -7.4158072802206502772 -0.75412058136484172444
1744903279.1017010212 20.895340912091693752 -7.3010653444989870309 -0.75070878726349887788
1744903279.2017309666 20.897898781516943245 -7.1941279564813251923 -0.73547881539331705358
1744903279.3017530441 20.89096500200029638 -7.0872557940267197907 -0.72063906473635541694
1744903279.401818037 20.87944654229462671 -6.9913799258595732411 -0.70711168320596529124
1744903279.5020439625 20.876930207926907457 -6.8864742053562961743 -0.69936566265659261266
1744903279.6019039154 20.871619191203826915 -6.7790151598847643299 -0.69336625552986108634
1744903279.7019019127 20.866175216739030418 -6.666544731067853391 -0.6936535279639695073
1744903279.8018701077 20.856286074802142139 -6.5590052408379859727 -0.69492808041962439436
1744903279.9019329548 20.845338505566033405 -6.4625504668710700429 -0.69134388652891765048
1744903280.001940012 20.83755240168527223 -6.3692818262181996047 -0.68935137995225470586
1744903280.1019310951 20.826801371602165602 -6.274732638483690117 -0.68246704003697344909
1744903280.2019159794 20.811751845802156424 -6.1624153274112751788 -0.6720796263720049124
1744903280.3018989563 20.79965221109414486 -6.0484076923151643967 -0.66406526941542354248
1744903280.4019389153 20.793335748097788951 -5.9381672032007646322 -0.65815807166340423162
1744903280.5020599365 20.780107337823363167 -5.8354935674525130196 -0.65214729793199677221
1744903280.6019890308 20.774112246161639206 -5.7294802402946718445 -0.64222143533028175355
1744903280.7019701004 20.772896739880131634 -5.6214356567281953403 -0.63456227630266004436
1744903280.8019878864 20.771177436001725169 -5.5184000215615629514 -0.61932730997457363653
1744903280.9019920826 20.768358558637352473 -5.4090789390358908761 -0.60971924535348953622
1744903281.0020260811 20.764987025366348661 -5.3055924947619130805 -0.60511041681408517245
1744903281.1020750999 20.75333512739009123 -5.1854794462664051125 -0.60422185734712341443
1744903281.2021079063 20.741334181228321398 -5.0664589130327355448 -0.59741366916817151278
1744903281.3019890785 20.728835442824433244 -4.9547204507694910802 -0.59039223737651558288
1744903281.4017899036 20.723034833451315251 -4.8547591594042298624 -0.58020178709554881546
1744903281.5016720295 20.705391044506935572 -4.7574066284324043608 -0.57090839176954699674
1744903281.6016941071 20.71130754508954297 -4.6567634940684756728 -0.56185632853033962153
1744903281.7018640041 20.707833859518085973 -4.5399877652008973072 -0.5569448867154096483
1744903281.8018770218 20.706276780463333864 -4.4203222386948270994 -0.55176078524753513488
1744903281.9016969204 20.709527607497221879 -4.3057461160455092752 -0.54345729197038628033
1744903282.0015869141 20.722994953650310634 -4.1983100407220801387 -0.5318348212628377647
1744903282.1015250683 20.734982436529573846 -4.0975587011730159048 -0.51951801757432036766
1744903282.2015600204 20.745203019246929443 -3.9945173875198127789 -0.50933660045242745706
1744903282.3017120361 20.745558483230354341 -3.8826323513397174025 -0.50028383003854781652
1744903282.4017379284 20.756744812955783885 -3.7731701472304104428 -0.49236533494297474167
1744903282.5018000603 20.76371989479223501 -3.6631266312085850601 -0.48403657704197483591
1744903282.6018819809 20.768248112437152741 -3.5515689742137839247 -0.47825063310212101442
1744903282.7018940449 20.766722321891830205 -3.4409325869067011183 -0.47434960649621116247
1744903282.8019170761 20.776274936949008065 -3.324984955706896006 -0.46354814661729287772
1744903282.9019989967 20.772963323298977656 -3.2107545281555340821 -0.45298341974728911774
1744903283.0021278858 20.772212549316961372 -3.0945883003470111561 -0.44328138687349755154
1744903283.1020679474 20.780791730600405742 -2.9839873320200607232 -0.43631320829159714325
1744903283.2019228935 20.784635718599780319 -2.8731520318434871086 -0.4220630489118040729
1744903283.3018369675 20.792497331585451548 -2.760846830044404232 -0.40940906238247137816
1744903283.4018359184 20.797223941728123719 -2.644458520479291419 -0.40269692255189248886
1744903283.5017790794 20.803594082079278849 -2.5319919613406782766 -0.39995833648328538157
1744903283.6017580032 20.810690787722883499 -2.4207939645084977087 -0.39820322106106714743
1744903283.7018721104 20.820085581419178311 -2.3077807254677806803 -0.39791565050931770875
1744903283.8020598888 20.826297418079956714 -2.1897331816204008703 -0.39143025485514304496
1744903283.9020109177 20.841251300502239729 -2.0687878318799790556 -0.38001227557407485369
1744903284.0018439293 20.856338399063826472 -1.9640819225239980472 -0.36245888551364169317
1744903284.1017549038 20.872896117609382571 -1.8681955929351261592 -0.33905524755990934516
1744903284.2017610073 20.885226494842648037 -1.766485132133523317 -0.32460308926315178946
1744903284.3017809391 20.899717589715198329 -1.6520269916696430634 -0.31240010902335596521
1744903284.4018220901 20.909481806718424934 -1.5281124471572224977 -0.29786969374976057789
1744903284.502063036 20.91945097645920626 -1.4054404571605483287 -0.28343707855766830939
1744903284.6018979549 20.93255647469148073 -1.2862254159794481723 -0.27163271479526890362
1744903284.7019031048 20.954155312566481228 -1.1709827752824837344 -0.26315912742053393369
1744903284.8018889427 20.970647050990834259 -1.053778137798512482 -0.25960049529024231685
1744903284.9016571045 20.986172044594990638 -0.94024926704644018471 -0.25733815288774364305
1744903285.0010941029 20.994848327616924877 -0.83610784501753165898 -0.24419529143130438986
1744903285.100965023 20.99221542710967725 -0.73742129158738289885 -0.23952251387865594601
1744903285.2017679214 20.987948045363733485 -0.63724504389312441877 -0.24195466058921871744
1744903285.3024129868 20.989614182750354843 -0.52806454559636128998 -0.23192916679246394773
1744903285.4027609825 20.991054771314580307 -0.4086127456331991592 -0.22388201755829545414
1744903285.5026059151 20.991969210601240547 -0.28128616068527423355 -0.21974526462311116948
1744903285.6020460129 20.995661038868693282 -0.16859890995722004448 -0.20682229248059474935
1744903285.7014551163 20.998766532778336824 -0.064782262071571200535 -0.19800644187951960129
1744903285.8012349606 21.004226339073529317 0.035498479847135569476 -0.1901751983329845741
1744903285.9006490707 21.019714684369017021 0.14288737152871963665 -0.1798904940610473735
1744903286.0000829697 21.033678805244168331 0.26452000729210450869 -0.16885738487309159828
1744903286.0998110771 21.050581178899204104 0.38311877187554105317 -0.15540915380081241071
1744903286.1999061108 21.061051831802100054 0.4978004312919754315 -0.14767090435353935618
1744903286.3004310131 21.077581453218233065 0.60652868342970978066 -0.14616135682769301751
1744903286.4007771015 21.103543538340481689 0.72138609386487240194 -0.1459540616193989726
1744903286.500756979 21.131772840447478501 0.83443284453817567758 -0.15337427396521446932
1744903286.6008360386 21.156907730018282621 0.9481323502017136029 -0.15852507215205371982
1744903286.7008769512 21.184284060289428453 1.0619003006096716657 -0.16007571452159116698
1744903286.8010089397 21.211525166465257541 1.175905717520871363 -0.15374615614388539853
1744903286.9011690617 21.232187060620027808 1.2995661271764036293 -0.14112000547209369028
1744903287.0013051033 21.251120750787290348 1.4401063187818281541 -0.12276619736634622471
1744903287.1014349461 21.277918040361001317 1.587105523976039656 -0.10812041542034182828
1744903287.2015628815 21.303730142823447125 1.7379115218002632037 -0.10098880143950685062
1744903287.3016738892 21.331676727046492203 1.8804370640121612634 -0.09442866734261684547
1744903287.4017519951 21.357888018453760282 2.0133859054028149238 -0.087257291124133426474
1744903287.501718998 21.388562797130681759 2.1264355709473239386 -0.077774322842945733947
1744903287.6016590595 21.411557960058686945 2.2379882069595806726 -0.061473994521147823367
1744903287.7015581131 21.43202823480404362 2.3635727901848162524 -0.053416000131579266519
1744903287.8014249802 21.456837203084251797 2.4841749188182458141 -0.051113210319996646436
1744903287.9013109207 21.483607710410318248 2.6034340640571596026 -0.044259848606505669544
1744903288.0013151169 21.493141416043716418 2.7204399994571968335 -0.034112338536157187086
1744903288.1016130447 21.501888942412723082 2.8463068475721517991 -0.024385536941548217188
1744903288.2021169662 21.506820353245100108 2.9733741633073047517 -0.01268528760937584314
1744903288.3025889397 21.504711602769599921 3.1018450286435412799 0.015966450051274592298
1744903288.4026670456 21.502881579040995064 3.2296484217570307074 0.035449484859535036751
1744903288.5023748875 21.501037983653063179 3.3603733486607350045 0.059490708398903538456
1744903288.6018190384 21.499904849085663017 3.4918474125300873467 0.078935663660662847008
1744903288.7014279366 21.492197518123969502 3.6255028103673905271 0.090113893805824171745
1744903288.8008830547 21.487738055583193386 3.7594529466960882047 0.094404704354543428346
1744903288.9005849361 21.483074937550970418 3.8954840342625214333 0.092912409423903774552
1744903289.0005350113 21.476330874585965347 4.0289465607203522879 0.099541679754309192463
1744903289.1005210876 21.475446092705055889 4.1607650830789042473 0.10545156525082244325
1744903289.2006371021 21.462452302600546261 4.3010421773972549175 0.10248374114529482104
1744903289.3007719517 21.450226144846691767 4.4421201707732498321 0.10222489873264230253
1744903289.4008359909 21.442370117987572087 4.581779097759038244 0.10398238541714061034
1744903289.5009860992 21.435206812251941244 4.7172157698961836303 0.099571267189077536375
1744903289.6009590626 21.422955323568849906 4.8536531496171608779 0.097857631327086025408
1744903289.7007949352 21.414515812675297468 4.9792223076251920233 0.10111458761055654165
1744903289.8006310463 21.408770836353408384 5.0912904431887611167 0.10454882834243518774
1744903289.9006979465 21.390955348576284223 5.201548284449581061 0.10532318741242573112
1744903290.00090909 21.374840091921996077 5.2982822383178351799 0.11937585691291528744
1744903290.101047039 21.351449627218332949 5.3931717040665718699 0.1313167445721989679
1744903290.2010140419 21.323997551513990345 5.4843331256745848634 0.14662579370944131552
1744903290.3012080193 21.286819023750823021 5.5756231165218466117 0.16416945711474006941
1744903290.4016740322 21.237224612296838444 5.6740991180347961631 0.17688076222608153931
1744903290.5020239353 21.182666421484615427 5.7703763676018660078 0.18797946623884578821
1744903290.6020700932 21.120475279867712004 5.8600148968853797982 0.20029810764425159952
1744903290.7018809319 21.044477817617050164 5.9362870427269678331 0.21738985125957721589
1744903290.8015360832 20.959650273458453995 6.0060054103020554805 0.23033715941344393152
1744903290.9012420177 20.885726987317497105 6.0682277317097295111 0.24785161584139525637
1744903291.0013229847 20.804774933524921465 6.1253309047254216324 0.26383644427072400207
1744903291.1018109322 20.716973527581441061 6.1784973532178479871 0.26543082134293571883
1744903291.2023088932 20.631790383955738832 6.2263739577877847964 0.26428278367577706653
1744903291.3024280071 20.526343228520563144 6.2657209612029012291 0.2568660477384112073
1744903291.4024219513 20.391002468589615404 6.2919538998179103118 0.25703270604592071136
1744903291.5026528835 20.250406780336430046 6.3044904320726828928 0.26209808304510412436
1744903291.6026120186 20.099822301380477541 6.3198722479258560014 0.26576302772570725708
1744903291.7020668983 19.938413743940667899 6.3320494223686223378 0.27304041740592155385
1744903291.8010900021 19.800661966219855969 6.3393809503618365753 0.27893687070000011685
1744903291.9001119137 19.669031825105236067 6.3516477016085000074 0.28208141541141218411
1744903291.9991679192 19.542446232119917937 6.3711887786169336678 0.28624093895420071876
1744903292.0980041027 19.421153703549769887 6.3862981086242145423 0.28902017073603170072
1744903292.1972761154 19.313125035877426683 6.3921316618570758195 0.29260754813362888083
1744903292.2982559204 19.201749925934219476 6.3802866948487739762 0.30166729671109787647
1744903292.4003338814 19.067628595124840984 6.3462685225399582123 0.30367917606281547016
1744903292.5016610622 18.926994204529645316 6.3202192262870369177 0.29565775007954336884
1744903292.6036019325 18.783859371464224353 6.3025835699677239532 0.28865776632796247281
1744903292.7016780376 18.653928303901913921 6.2980978164174095113 0.29175867912585268238
1744903292.8013091087 18.527365699070141858 6.2908125441909046316 0.3033876218565330074
1744903292.9010870457 18.400489965675809856 6.2839340218431631868 0.30397394634527874491
1744903293.0009670258 18.267938312323998673 6.2781369230288293082 0.30554366893822776374
1744903293.1012060642 18.127993269026514866 6.2667151592333585342 0.31252941963805275227
1744903293.2018420696 17.98061459695761144 6.2565115075938901867 0.31746319660177479971
1744903293.302218914 17.837115027014931457 6.253917513438217668 0.32148060368936937081
1744903293.401663065 17.697603199078105973 6.2644924056061848106 0.33305581566990222209
1744903293.5009179115 17.556025354177290154 6.2735162372266026765 0.34197680957621101605
1744903293.6006569862 17.419176583541517545 6.2800064917465112657 0.34261657722632926637
1744903293.7007029057 17.265522502777336911 6.2896660997831137507 0.33551904308509122865
1744903293.8008840084 17.113849790534953144 6.2970605682686269233 0.33793860323092311804
1744903293.901154995 16.958096286409357845 6.2976961221139378111 0.34456592337811758897
1744903294.0014419556 16.799768394563965757 6.3079603920495843639 0.351562852286202987
1744903294.1016640663 16.653251637543284858 6.3182004438648498024 0.35427628028790836279
1744903294.2018480301 16.516567422705538348 6.3227445040042917768 0.35638670195250554684
1744903294.3019590378 16.371680564633908972 6.3262415279445995964 0.35927069952347900905
1744903294.4019989967 16.2226767515771364 6.3338142493550195766 0.36363760765793784469
1744903294.5021018982 16.086094855050731667 6.3312281359529931635 0.36129880459877328214
1744903294.6020419598 15.943831808539604467 6.327441716162894636 0.35616400587118141052
1744903294.7020480633 15.80335463281474162 6.3281674109503809333 0.35851737886211504369
1744903294.8020129204 15.66808418043377138 6.3256372614479046135 0.3568408163621878959
1744903294.9019949436 15.52460602113477961 6.3219636717478406851 0.35427544854647019523
1744903295.0020210743 15.38057660680388139 6.3129027347244770496 0.3533756165954737849
1744903295.1020259857 15.242478566127131145 6.3079766694393732962 0.34715456924303433883
1744903295.2019760609 15.093593278217447562 6.3081761978515151768 0.35170898682687168346
1744903295.3020129204 14.949632296115122898 6.3100763188798030257 0.35392816747384875375
1744903295.4019598961 14.80854165340691253 6.313995547625181004 0.35760599054448605205
1744903295.5020279884 14.664270907341009575 6.3144473853707232536 0.36488912645437643345
1744903295.6019608974 14.530699789205147709 6.3099704735091695085 0.37691466988804872562
1744903295.7021648884 14.386697061963067412 6.3062330186065933546 0.38674148077185210859
1744903295.8020300865 14.243560038687483882 6.3021397050785861182 0.3951731902594394219
1744903295.902064085 14.102224066332222918 6.3024150304101675957 0.39682343845508510904
1744903296.002038002 13.958885226698834359 6.3018743830822767649 0.39601233305090138836
1744903296.1020638943 13.81630154068600902 6.3030620084330291064 0.38737933299648497076
1744903296.202023983 13.672185414254245828 6.3009353168396460276 0.38618321944930367184
1744903296.3020401001 13.531807014602645012 6.2965147615566632311 0.38842782040583456737
1744903296.4020469189 13.38775251402470623 6.2899205833208426952 0.39490097514198690964
1744903296.5020740032 13.24476381684726789 6.2842329764292257366 0.39583356272309694335
1744903296.6019868851 13.099065084737048892 6.2808818900315390721 0.3985110647667651218
1744903296.7020349503 12.955994350955798211 6.2785104060095653367 0.40814368699917680239
1744903296.8020370007 12.81138443346048561 6.2755831288495915743 0.41031255762138763021
1744903296.9020040035 12.668155203079660254 6.2694827808712263462 0.41628328001324693686
1744903297.0020370483 12.524675059830206791 6.2677080074503797036 0.41565977446323537636
1744903297.1020638943 12.373089839542581458 6.2618880626623614205 0.4155621609395867555
1744903297.2020308971 12.223910630781103848 6.2542028287485909033 0.41544017622905632381
1744903297.3020288944 12.073909993318659772 6.2480752330628561708 0.41447901371610434973
1744903297.4020159245 11.928957666786905278 6.2434850050656134357 0.41610853725940771808
1744903297.5020899773 11.779719423204833006 6.2394485631785405744 0.41530484369820408475
1744903297.602050066 11.635222747751450711 6.2341910280642514053 0.4173110442020220856
1744903297.702023983 11.488565258537969171 6.230130846659842625 0.4170695738643832029
1744903297.8020510674 11.345825903423067516 6.2153430292853171224 0.42417291825693093088
1744903297.9020299911 11.195775724421173081 6.2029555403744129904 0.42486279163064577524
1744903298.0020151138 11.053889532830954323 6.1981227026280594217 0.43041739534786166432
1744903298.1020469666 10.909102469732951946 6.1894717304129791557 0.43724195711369590045
1744903298.2020320892 10.765679226140377978 6.1846635319112710505 0.44184130842887453516
1744903298.3019750118 10.630774005705911023 6.1837839403844627739 0.4460144911299080972
1744903298.4019570351 10.481671766343154673 6.1828467573648469013 0.45021664560479529582
1744903298.5020890236 10.331861411178339338 6.1753448353055464537 0.45459136941116545794
1744903298.6019940376 10.183239840656288067 6.1714718918859290397 0.46050855898322834436
1744903298.7019970417 10.035522735747150591 6.1678930109803404847 0.46007386801374172691
1744903298.8020129204 9.8935688640269958682 6.1618943460743942353 0.46066018536022623753
1744903298.9020159245 9.7490084008275719185 6.15293151379193759 0.46777472590655350126
1744903299.0020198822 9.6068427380490319933 6.1461375014982948528 0.47004736347218961656
1744903299.1020100117 9.4712037314421397838 6.1372571763622705276 0.4778059597917499457
1744903299.202064991 9.3253368365751150293 6.1385651383363635247 0.47720881491701966359
1744903299.3020489216 9.1876221076827473411 6.1330428096581739439 0.48191623168526165344
1744903299.4020318985 9.0455924040495485627 6.1291682116525230128 0.48108012527245408441
1744903299.502106905 8.9006392827154972025 6.1202914061452569072 0.4840937530582140047
1744903299.6020030975 8.7573239587810025597 6.1132232274632540836 0.48358770693989910905
1744903299.7019860744 8.6154807822239458659 6.1031567386304450551 0.48216134614252992296
1744903299.8019859791 8.4704549309397609846 6.0935002366787260897 0.48420194573531455395
1744903299.9019908905 8.3243786125076137949 6.0789063316510567603 0.48202558285379382141
1744903300.0020010471 8.183039355946036153 6.0677607248315519328 0.48546695688468904928
1744903300.1020069122 8.0461901235021713319 6.0577683049285244721 0.48391914680672659665
1744903300.2020730972 7.9035877548557698091 6.0457825079646383415 0.48458188848575989294
1744903300.3020730019 7.7607880965027904452 6.0328776672383641611 0.48268563387677121401
1744903300.4021229744 7.6247614225707440738 6.0246775226890081356 0.48593379329592994997
1744903300.5021100044 7.488532671789605466 6.0185926908553621928 0.49205947139603634088
1744903300.6020860672 7.3460008457580840968 6.010971357224238254 0.4981269932283018953
1744903300.7020690441 7.1994808132149898938 6.0012084001401291289 0.50479560187599636922
1744903300.802038908 7.0514845124106697583 5.992929437682339433 0.50868817628713036694
1744903300.9020531178 6.9078737243273762303 5.982087346276864892 0.51268884889042798392
1744903301.0020759106 6.7561128622938593224 5.9705381636675012302 0.51249613974586460952
1744903301.1020541191 6.6150804182170777068 5.9610561520035414418 0.51129123644685881001
1744903301.2020559311 6.4820356453523562124 5.9516667088086387949 0.51465922465870972413
1744903301.3020129204 6.3617302885419046987 5.9440638732291013469 0.5154815042528914093
1744903301.4020109177 6.2369319705277392885 5.9330366201853230734 0.51250250935739727343
1744903301.5020549297 6.1164652019161831475 5.9238299420236959492 0.50312363643096769117
1744903301.6020081043 5.9806473206748620441 5.9156685561419655173 0.49631822536133446411
1744903301.7020070553 5.8473616608420178054 5.904268715602106532 0.49182738691324423552
1744903301.8020989895 5.7170026610539448342 5.8928034691935557987 0.48783694203347083285
1744903301.9021439552 5.5966432911134926798 5.886430150212846435 0.48631664774878557989
1744903302.0022130013 5.4863712203035888137 5.8825484128269609485 0.49414291017721623245
1744903302.1024270058 5.3791956039602064621 5.8779355650688822621 0.51099652805104023301
1744903302.2025709152 5.2618478070558269977 5.8739027084190142958 0.52246079910420517578
1744903302.3020200729 5.1397264948762044767 5.8757247849973373022 0.53337557403717905657
1744903302.4012548923 5.0165516067454651861 5.8856753549631113387 0.55053895414365505712
1744903302.5008831024 4.8715159373859595604 5.897949562744927654 0.56106988450125672152
1744903302.6007559299 4.7094240769085198295 5.9053109898433380209 0.57222425904867613156
1744903302.7007949352 4.554343184012249246 5.9132871542330471826 0.58911972099505016676
1744903302.8009600639 4.4056528628099576039 5.9264461144527178504 0.59929242259137371907
1744903302.9011640549 4.2608177145901251492 5.9368610017336127527 0.60253174955574839711
1744903303.0013139248 4.1253214826066075815 5.9386077881516312615 0.59793965552993366686
1744903303.1014580727 3.9862309085405827069 5.9400148153681220364 0.59573215276733204604
1744903303.2015469074 3.8309167772098144944 5.941203573453878839 0.58888525378295142332
1744903303.3016428947 3.6740760332887014705 5.9392854949008846432 0.58649729600110322991
1744903303.4017100334 3.5136906068700533012 5.9353645266602601538 0.5789127940805648409
1744903303.5018000603 3.3565013400676773081 5.9355785453960887565 0.57755507280776186008
1744903303.6018559933 3.2141789674360663476 5.9352329657609939062 0.57329416258040333254
1744903303.7018990517 3.0709862183875364927 5.9374354153580526372 0.56579652657062518006
1744903303.8019449711 2.926151577625513589 5.94332024382099533 0.55452806879777261084
1744903303.9019889832 2.7800063657811038276 5.9507136759425405259 0.55072363325006501444
1744903304.002022028 2.6399406496685697832 5.9634766094709457107 0.55329718881014844367
1744903304.102036953 2.4955064412698164666 5.9743241987205930599 0.55770419189435749274
1744903304.2020430565 2.3480311151053334662 5.9892295948025093821 0.56098595205578072331
1744903304.3020279408 2.2015202287709230156 5.9967330421754985181 0.56694007031865123469
1744903304.4018509388 2.057947574083744513 5.999315236473733215 0.5707575650414393742
1744903304.5016000271 1.9106499495526103605 6.0050999184182876078 0.57814957581988724034
1744903304.6013898849 1.7695945452552552801 6.0036816787640994164 0.58174899972920368629
1744903304.70134902 1.6341139881552992907 5.9897734117357739336 0.58802946532118594014
1744903304.8013470173 1.4945722059100130519 5.9662727623187850057 0.59148226109030943576
1744903304.9014360905 1.3620215964163535638 5.9412854276354511995 0.6021412647361644721
1744903305.0016229153 1.2318546587537455572 5.9028699758447835677 0.60635163556612192703
1744903305.1018979549 1.1009508656112743097 5.8524216645495261702 0.60798284770011190581
1744903305.2021551132 0.97240172647743017276 5.7876648678034401385 0.60998606824503620594
1744903305.302462101 0.84878147218932853413 5.707273672471230519 0.60957672698856679716
1744903305.4025659561 0.73204718773905286255 5.6244974746729345938 0.6008588859266494886
1744903305.5023560524 0.61648312734272803226 5.5382617386193713216 0.58870203827641731653
1744903305.6017711163 0.5043514311978258835 5.4455182888885067527 0.57019126494155281115
1744903305.701433897 0.3994696947124241615 5.3487683295197117062 0.54292780332451595626
1744903305.8012371063 0.30913276206625117659 5.2455120155726993048 0.52174850932802452341
1744903305.9012770653 0.23108213901003873958 5.1381827196498068844 0.50823752724952786508
1744903306.0015358925 0.16990971187225423211 5.0321993077773603531 0.50377237056413304295
1744903306.1018331051 0.12233280904199238248 4.9098069963480250877 0.4960618577388497541
1744903306.2023758888 0.087623307655406615368 4.7879098840341800525 0.48607598571877086435
1744903306.3033359051 0.071972339836857260331 4.6656770899697841415 0.48824851890112708208
1744903306.4034600258 0.058030152036329905874 4.5327271567833591348 0.49474327578201382494
1744903306.5024991035 0.040799695057287768685 4.3963808258714367483 0.49593200786491542509
1744903306.6013379097 0.021589524181426279076 4.2676014340880703557 0.49532886655060498482
1744903306.7003750801 -0.0046651021370910927821 4.1313134711104746444 0.48756412530720616427
1744903306.7996380329 -0.018229666624840618755 3.9973973251774332915 0.49015030819953908647
1744903306.8986461163 -0.019637805222451832493 3.870251365566783619 0.48965748747461707024
1744903306.9979019165 -0.026919207858263845962 3.7480399833758237804 0.47969203220072098581
1744903307.0986030102 -0.025938437962920442986 3.613023690701892221 0.47714895431162412942
1744903307.1998031139 -0.016502317561304390842 3.4921517553437277925 0.47011110771646191786
1744903307.3004140854 -0.0061626088202611575828 3.3900589552279516425 0.45615333922749140561
1744903307.40061903 -0.0017924192157458889926 3.2837201829958742039 0.44345645119589821581
1744903307.5007750988 0.0062394478933551402594 3.1696931270314792073 0.42755521251565237195
1744903307.6008529663 0.011568261434170366148 3.0531463490409258554 0.41248999246925011075
1744903307.7009029388 0.013601668183253265779 2.9321339859756401225 0.40544998461146819491
1744903307.8009910583 0.018684916474063489183 2.8055006999350111663 0.39024608991967574267
1744903307.9010789394 0.029887083859632748717 2.687713956078525257 0.36775320726702381835
1744903308.0011560917 0.036952136608378274851 2.5686278900531527292 0.35903271531646807624
1744903308.1012639999 0.037618721221287849954 2.4446191098648411 0.33373062784861629027
1744903308.2014501095 0.049522849704307918273 2.3138410832238340831 0.31025996695904078937
1744903308.3015398979 0.055169320026217577579 2.1859504512736402937 0.29188436720875182706
1744903308.4015479088 0.058777042499946051402 2.0633476166872855018 0.28352688118060243028
1744903308.5014960766 0.060029425104926543988 1.9351594435902321756 0.27363280818186175303
1744903308.601473093 0.062065836867197562987 1.8121721902949481375 0.26010504203955459035
1744903308.7014830112 0.070661648595353732105 1.6856607439116804148 0.25648777795478222563
1744903308.8015449047 0.079834647582664355903 1.5698860819943583067 0.24796441148432513124
1744903308.9016020298 0.095089854610988705508 1.4564934417174404402 0.23056721386172326915
1744903309.0017120838 0.11047795781867311704 1.3522086915772792981 0.21929427680666860323
1744903309.1017661095 0.11489994951817278368 1.2687218150854562282 0.21267116875780989194
1744903309.201818943 0.11693525669186315141 1.188774854371393408 0.20740195456328230916
1744903309.3018479347 0.11930775782652942862 1.1027658048700736959 0.19942709766015120909
1744903309.401900053 0.11733662914416320699 1.0013083036765906275 0.19187049270160849712
1744903309.5018849373 0.11736977653511000697 0.8929243659062717775 0.1858156692588668335
1744903309.6019361019 0.11488419382666860413 0.79531906397973906042 0.18274667680930964386
1744903309.7019250393 0.11284921780952969494 0.70300480954655075738 0.17272888618363299584
1744903309.8019869328 0.11483852775697271642 0.61369886216509605958 0.16681396754853305975
1744903309.9019880295 0.11551347310203015362 0.5356121315442253783 0.15929519768383371137
1744903310.002202034 0.11504195411038518893 0.46716449555348454892 0.15101224374101054893
1744903310.1020269394 0.11792948421762511346 0.40244377537258568811 0.14696306190308486284
1744903310.2020430565 0.12356209063799769576 0.34743646633261904277 0.14150818064116002515
1744903310.3020350933 0.13033040767123196813 0.3086117511072634656 0.13326403197336150752
1744903310.4020700455 0.13747054985615472789 0.26610030970040593479 0.1314677485212591701
1744903310.5022449493 0.14251551364613193607 0.21804311116788213654 0.13447082004141799882
1744903310.6020820141 0.14604403550076289209 0.15826573668781132587 0.13063499593010724498
1744903310.7020740509 0.14418337802853919971 0.11793805584967673172 0.1310918208775414262
1744903310.8020648956 0.1393374879846391301 0.10047809820603682829 0.1369812552078037704
1744903310.9020600319 0.13588644426011653454 0.10498970899084673902 0.13678765713562840434
1744903311.002022028 0.13759423334713272169 0.11318561374534424901 0.12823052759328545935
1744903311.1020350456 0.14356236808891137402 0.11299949759240406066 0.12238088748959627394
1744903311.2020330429 0.14776996220950655569 0.11286937949547373727 0.11910119469077094789
1744903311.302036047 0.14912846040050831142 0.11397285981446231284 0.11149531832235433371
1744903311.4020249844 0.1512278686940057848 0.11231641326477184717 0.10697921855511688394
1744903311.5022408962 0.15019584409534963987 0.11163776601951039269 0.10154241880762120143
1744903311.6020328999 0.14903868720114699098 0.11186324531523693382 0.10038976451945302859
1744903311.7020640373 0.14583875742129098763 0.11377515825337043698 0.10222685222343602662
1744903311.8020789623 0.14631562064585149074 0.11399852153832144841 0.10583833396798301985
1744903311.9020869732 0.14376496769416810539 0.11215073321277864438 0.11447510232611710079
1744903312.0020871162 0.1423173808821033004 0.11140870950912470927 0.11913930130881227043
1744903312.1020801067 0.14136341313179395796 0.11044079635226512759 0.12512735249948969685
1744903312.2020540237 0.14293543383400147961 0.10870523484302600792 0.13310499016457597032
1744903312.302063942 0.13929243190675094644 0.10976819242333323012 0.14005111201169817559
1744903312.4020829201 0.14205478300513904588 0.10589290857409271174 0.14268908561772708499
1744903312.5023550987 0.14219285115960370036 0.10406865915620827634 0.14397715430665894432
1744903312.6020720005 0.14204435607881035764 0.10578311336346273019 0.14443921296876160998
1744903312.7019989491 0.14483424111051057537 0.10686899426239224176 0.1431780358789337404
