1744902630.0114130974 0.00010551000316127833866 -0.00021753543853601003326 -0.00024216257794718796777
1744902630.1113989353 -0.011495710372046920311 0.010866098706405855068 -0.092513813753897555792
1744902630.2114100456 -0.0061845073891003384328 0.0035518083547479207575 -0.075165324378098974378
1744902630.3114190102 0.0010206824581143070924 0.011552441125925011836 -0.074313406514668819969
1744902630.4113929272 0.0024010144169104683139 0.011940643018045694196 -0.072166197471136506181
1744902630.5115160942 0.0013824524018736206957 0.013971820049252001161 -0.07724754814294788885
1744902630.6114180088 -0.0014313464780653247475 0.0096389078998000612269 -0.075697927627293354336
1744902630.7114210129 -0.0036396426463714192864 0.0096735891173094275958 -0.072302580303786695426
1744902630.8114221096 -0.0021554539737957522511 0.014099652805488676471 -0.075977537386247351314
1744902630.911429882 -0.0032747175435052324789 0.033660243792604349622 -0.076765231647554943439
1744902631.0114269257 -0.0038424035727806435392 0.0615710620108146367 -0.077748347876901491293
1744902631.1114690304 -0.0039275194804827559883 0.096094656432068048524 -0.071522146960175808639
1744902631.2114880085 -0.0042647049928847893807 0.13748516549921913077 -0.062078767925606279099
1744902631.3115019798 -0.0012222382447142610649 0.17516554588847191298 -0.059520808589475941719
1744902631.4115149975 -0.00087309261838536635948 0.2096447739547484812 -0.059856423894920997297
1744902631.511605978 -0.0013660124921423032543 0.25063279500948204559 -0.054029857843199552425
1744902631.6114668846 0.00088213755982403702256 0.29513886209837159047 -0.05522243255958372149
1744902631.7114489079 0.00017457547190314663351 0.3378290233118503294 -0.055986454890313945565
1744902631.8114190102 0.0018196955828272331698 0.39240099678677192729 -0.062718215631334853222
1744902631.9114429951 0.0060762064988956398723 0.44897760602915887107 -0.066342497791877702573
1744902632.0114440918 0.0077303826041867597027 0.50542439279444617561 -0.067281550652686719638
1744902632.1114480495 0.0072257236261594436078 0.57397668454435601948 -0.065965028412366566446
1744902632.2114379406 0.0053012600760970335356 0.65448864713308063656 -0.062496261173922415533
1744902632.311439991 0.0059487485142032028168 0.75093016853885308226 -0.056213421919132797178
1744902632.4114320278 0.0096297815774567703528 0.8456250543850742929 -0.048450382248320461587
1744902632.5116429329 0.0079870118579787284518 0.93424123050818708158 -0.044693443787881766138
1744902632.6114430428 0.0069168092022988602804 1.0211936468140763168 -0.037611560387114092996
1744902632.7114770412 0.0073588847417365588904 1.1139737920023680129 -0.037005046698267013427
1744902632.8114919662 0.0027278675698467064192 1.2143095931472398519 -0.021934297899923314856
1744902632.9115669727 -0.0013880028916047220701 1.3227742275589302601 -0.018194735282915607683
1744902633.0115399361 -0.0047879365095214732051 1.4238948189061819694 -0.017854450792915418228
1744902633.1115090847 -0.0034233567143750415554 1.5381807573172969761 -0.023462731432339126864
1744902633.2115199566 -0.0044354052603714552022 1.6482492112966038444 -0.018753344534983673597
1744902633.3115510941 -0.0053638419776195246647 1.7635366587771201807 -0.017307997250101674058
1744902633.4115610123 -0.0046344276244352465566 1.8834023606635947878 -0.019377279084582640228
1744902633.5115959644 -0.00028155653037456222039 2.0073355268229562398 -0.018911390566474013675
1744902633.6115620136 -0.003772356937924617893 2.1282618718119268308 -0.022267733231529807103
1744902633.7115590572 -0.0039601696340561256746 2.2523826677461031842 -0.017386294887076794019
1744902633.8115820885 -0.0015819828485684600799 2.3765373651924015519 -0.013997358218847648012
1744902633.911550045 0.0019112372717882209275 2.5041136690356147199 -0.014586123749044737144
1744902634.0115690231 0.0074406968417101686936 2.649101143913729306 -0.014415568445932367553
1744902634.1116440296 0.0052323451289600980338 2.7968981618637962505 -0.0051801634962582894517
1744902634.2115750313 0.0036080339284754962131 2.9383908221543930672 -0.0015027862867180471866
1744902634.3115150928 -0.0008123094234227391363 3.0736802893356296451 0.0084685820108492109587
1744902634.4115540981 -0.0077123581884038358222 3.2011309125548881305 0.018641143202076826402
1744902634.5116488934 -0.014162616514337575402 3.315584450025201857 0.025356874552544792639
1744902634.6115429401 -0.025035979178686999097 3.438201108697845676 0.034993377005003829805
1744902634.7115910053 -0.026824391108806015793 3.5829479508499231244 0.039438680177386331582
1744902634.8116281033 -0.025699806306731937111 3.7400534205994424575 0.037496130709081726406
1744902634.9117250443 -0.030012268378504153299 3.8999997331800142497 0.047030748383488821251
1744902635.0119390488 -0.029948755235059743018 4.052884407801792932 0.05270179462045783414
1744902635.1121981144 -0.014160187498705425341 4.2036549694569904645 0.067562640578897589783
1744902635.2124209404 0.001607760253035362373 4.3445169068349276387 0.080863054235365453004
1744902635.3126618862 0.025197835803759817408 4.4859479532761801224 0.091785137280635989421
1744902635.4124350548 0.077047301197391906968 4.6371310846959197249 0.08640139172164316983
1744902635.5114660263 0.13014696776453532623 4.7758161676021089193 0.073751199552585411379
1744902635.6103210449 0.20145276123524186174 4.8987176408562831398 0.071648819227699403478
1744902635.7093360424 0.28638052487816956226 5.0065372215203503004 0.072162611223115624703
1744902635.8087780476 0.38301600425521231674 5.0953237491950611471 0.071891641550557300322
1744902635.9084401131 0.49525545953961652712 5.1782316378722299532 0.077418340719588182863
1744902636.0083808899 0.62684664279602153591 5.243186293020104749 0.075737876786557536968
1744902636.1083929539 0.75593735652506877098 5.2977406782910003713 0.069738669881688156171
1744902636.208589077 0.89101428884710165423 5.3458741504733264804 0.068591301280076774627
1744902636.3086299896 1.0312368682476387161 5.3669531566230777031 0.065536418320040451535
1744902636.4080410004 1.1647417413967569022 5.3632212235523066823 0.058369855231612609303
1744902636.5075480938 1.2963753805269406794 5.3820200169408476398 0.05579316567989118375
1744902636.6079859734 1.4328247826395374975 5.408158871106325094 0.054947683258967733311
1744902636.70896101 1.5738312328386478978 5.4323962917139105855 0.053919349924217339909
1744902636.8099579811 1.7192060302073064459 5.4572168850793749684 0.053558818550634074152
1744902636.9107561111 1.8644441406626692803 5.4783670332386646962 0.053697123480779318516
1744902637.0113129616 2.0071152216160230708 5.4992257153698469452 0.048326148779015296042
1744902637.1116719246 2.1388899498395077536 5.5153618137768898322 0.033901175119281520831
1744902637.2118520737 2.26608242935113946 5.5258572061211550519 0.03341210816318340715
1744902637.3118510246 2.4076399264793972854 5.5433029720686377573 0.03320103699151757265
1744902637.4118111134 2.557823147000805708 5.5588764720884924486 0.037121524950979589708
1744902637.5117549896 2.7095887262333322454 5.5817719058364918538 0.035846136354059983387
1744902637.6115450859 2.8587820213925629886 5.6051206121251162529 0.030556829720109954934
1744902637.711482048 3.0011399671888092655 5.6190333134002203863 0.021055851172754762313
1744902637.8113880157 3.1361214933251480019 5.6331998033925216873 0.024107736175956014785
1744902637.9113380909 3.2773904460548783923 5.6554829683691894004 0.016698256635125034025
1744902638.0112628937 3.4179582229555873774 5.6789143953070624349 0.015361705110980524921
1744902638.1113219261 3.5634359518780618359 5.7072957710781064833 0.019732474132275721473
1744902638.2113530636 3.713050003387067477 5.7314669688817936333 0.035092069288771912672
1744902638.3113489151 3.8626015452227595581 5.7569598515604560873 0.031874064787009159794
1744902638.4115829468 4.0106666874727165961 5.7701005779993490563 0.025797249684052926677
1744902638.5118899345 4.1552034436888627411 5.7834596936694433467 0.016851560304577860999
1744902638.6118550301 4.2920226482698540238 5.7947636237690574035 0.0059880392568937663642
1744902638.7114739418 4.4265544559314307094 5.8036060378405398552 -0.0019096438159888107396
1744902638.8111569881 4.5620717664303196415 5.810344849503912279 -0.012513339620112447562
1744902638.9110689163 4.7083283339391917011 5.8220442363682805009 -0.01981382771038592977
1744902639.0112268925 4.8548580893896318145 5.8268386259719733289 -0.022498548465821704284
1744902639.1112439632 5.0054744732093876536 5.8389039276272267642 -0.019036864357914944773
1744902639.2112259865 5.1589439686530491613 5.8470592322216665693 -0.021082039917258380696
1744902639.3111670017 5.3022263660336674818 5.8530443913274137202 -0.028365246108044535334
1744902639.4111940861 5.4418854660106017462 5.8556841339527467838 -0.032702426679237381335
1744902639.511275053 5.5737840874970858707 5.8628152458051854268 -0.027112910333354781761
1744902639.611371994 5.7072488659114535281 5.8652403701458704077 -0.03233623606600146555
1744902639.7114810944 5.8373699755992536353 5.8605628347798024436 -0.037817263148472855805
1744902639.8115730286 5.974024331727606274 5.8559362506634089485 -0.050450679694597086455
1744902639.9115869999 6.119860919152428913 5.8532959901073295939 -0.057128171833085550357
1744902640.0116519928 6.2746314840040007255 5.8584397230111653343 -0.066086196038696753963
1744902640.1116509438 6.4224124090891914207 5.8603529256345394671 -0.071176046140747975532
1744902640.2116830349 6.5591599573954031399 5.8652859821712377553 -0.078781191482697354722
1744902640.3117320538 6.6975551626600289268 5.873946198253451989 -0.080665896527079283818
1744902640.4117450714 6.8403181277958662321 5.8822229782741688453 -0.083083000539065657297
1744902640.5118789673 6.9797527065378304201 5.8854315910762471376 -0.089413637931116299318
1744902640.6120131016 7.1339834920467284363 5.8915082452055660411 -0.092708018897267596703
1744902640.7118749619 7.2863355631330835038 5.8981109037042989129 -0.095970935395555692637
1744902640.811645031 7.4313709944412984498 5.9005115367398390802 -0.09924564048663958582
1744902640.9114980698 7.5777284538638198796 5.9059560705701308336 -0.10241184603873695891
1744902641.0115170479 7.7282350499178846803 5.9079612156388225941 -0.10226534549916901917
1744902641.1115880013 7.8789819344819891356 5.9125153023134346952 -0.10612716005445305134
1744902641.211482048 8.0291706680202459268 5.9091282271820819716 -0.10597652820153179165
1744902641.3112959862 8.1668820153668288953 5.9005107592462566757 -0.10875224873150221572
1744902641.4112150669 8.2896931537857536654 5.8921309336448040028 -0.1084225846394747117
1744902641.511111021 8.3960334651993573374 5.8870229730635967869 -0.1076866873067118674
1744902641.6111009121 8.510888118104821487 5.8824029267989148551 -0.1086029353816921339
1744902641.711220026 8.6555947260986236813 5.8829951920120162612 -0.11088420037881661917
1744902641.8114380836 8.8097279653772915253 5.8812113349028978249 -0.11293096059162087419
1744902641.9115929604 8.9638868425290745279 5.8814692699310002766 -0.11513874862907558239
1744902642.0117468834 9.1127063685025166961 5.8745641803040138385 -0.10928422475630619748
1744902642.1118509769 9.2537145149372967978 5.8690291767142666046 -0.10759747588492875325
1744902642.211867094 9.3869879929337507463 5.8630838135800589228 -0.10899437901387937222
1744902642.3118009567 9.5212986492493190127 5.8596429889403154334 -0.10872527211318130935
1744902642.4118030071 9.6687043177440195052 5.8547721861617443295 -0.10614362492164103324
1744902642.5118970871 9.8165539525597704795 5.8482878939148106312 -0.11147087433535123047
1744902642.6117990017 9.9658667106753675569 5.8464373459784289011 -0.11239014436947569742
1744902642.7118139267 10.112597779142985743 5.8478253829101785044 -0.11772110497135991614
1744902642.8118031025 10.251367880101586394 5.8425293226016394854 -0.13467865750344040765
1744902642.9118080139 10.38910600607750645 5.8414025757176366582 -0.15279193229416693223
1744902643.0118200779 10.527765979793452189 5.8456791295544503484 -0.1613687720266488157
1744902643.111798048 10.675823642647506162 5.8482908769870514121 -0.16408105330304531555
1744902643.2118439674 10.822702267477570359 5.8553328667784132477 -0.16243879145254508378
1744902643.3118491173 10.971709032337241041 5.8673089117667265313 -0.16027706773032190934
1744902643.4118359089 11.128351901429828885 5.87414356920794134 -0.15916983055218336673
1744902643.5118980408 11.280512236723085451 5.8782863886827216859 -0.15952785572032962547
1744902643.6118168831 11.42870036131427014 5.8797157555286663211 -0.15966088325288874117
1744902643.7117791176 11.57287694354772789 5.880739618163006277 -0.16510979424376073799
1744902643.8117001057 11.714630610352836371 5.8755337095182404994 -0.17079415269207920414
1744902643.9117178917 11.856936548256145514 5.8787224013273782219 -0.17647067218775502884
1744902644.0117099285 12.002050840350557692 5.8803839403588371582 -0.18293389764243786488
1744902644.111700058 12.144438516465074329 5.8823176077895009684 -0.18765180043256299292
1744902644.2117049694 12.291619563690286299 5.8837215931172464067 -0.19719717164272773657
1744902644.3118460178 12.436543328126971275 5.8858661006899604118 -0.19091311272560471113
1744902644.4121398926 12.583195523119909964 5.8848936723928648718 -0.19671797429345144748
1744902644.5123438835 12.735356810556011098 5.8851601999226312856 -0.20587700756446697392
1744902644.6120049953 12.886631656970369164 5.883316392121594518 -0.20903147090168347488
1744902644.7114570141 13.030412192467906607 5.8689110221174658477 -0.21198859349767276705
1744902644.8112630844 13.167185173268201481 5.8514717548533736746 -0.21311409081709761781
1744902644.9110560417 13.305500157595616884 5.8376048246662799457 -0.2186311768405974354
1744902645.010833025 13.44607340387038974 5.8215963465246503006 -0.22662083051785486543
1744902645.1106619835 13.588709594324384966 5.8104450358653982889 -0.22911569401928186251
1744902645.2105419636 13.734994960977438438 5.7965666183054613825 -0.22962644148259730992
1744902645.3107318878 13.875258895019115357 5.7831761936500667431 -0.22837748432452589786
1744902645.411067009 14.012856409031352101 5.7676726803308548952 -0.23211135076510616693
1744902645.5112829208 14.158053445357312583 5.7627859398500902444 -0.24251999521872721899
1744902645.6113100052 14.304272723699179792 5.7600408070413715578 -0.24772167400769773415
1744902645.71134305 14.451802512006912238 5.7537886146099115336 -0.24880453571905647436
1744902645.811549902 14.596566504636580675 5.7509607062135916777 -0.2528181251300846144
1744902645.9116539955 14.745634385707264258 5.754783196172092552 -0.2548225894957760751
1744902646.0115330219 14.893827637858558788 5.7573432815115124228 -0.2638546463979461465
1744902646.1115489006 15.034859247691082729 5.7584433173717171073 -0.26705779000435841963
1744902646.211728096 15.176940871261953347 5.7667401393305466328 -0.26532352439578699155
1744902646.3118538857 15.323191235415848155 5.7747598096187964245 -0.25445821752887354261
1744902646.411919117 15.467288607397545519 5.7793612387358024307 -0.24831686026024502034
1744902646.5120170116 15.615665335993583085 5.7845167428495258832 -0.24599606517234129388
1744902646.6119439602 15.763062202654648303 5.7915298205567218304 -0.24063397842594222431
1744902646.7116999626 15.914899776711127544 5.7971528077628935449 -0.23548093066069458734
1744902646.8114418983 16.055612257784751762 5.8027831961533928862 -0.23551854763131693793
1744902646.9113531113 16.197275274416991664 5.8078801682646323812 -0.23239702089614630576
1744902647.0114240646 16.335918623374944048 5.8103312672692801755 -0.24122055148867455054
1744902647.1112759113 16.477223649912666303 5.8063032789289676927 -0.25605944567293981162
1744902647.211097002 16.624718725308529343 5.8027818047432795368 -0.26463465544482572822
1744902647.3110609055 16.769705219042428723 5.7971991690038908729 -0.27525217078619934608
1744902647.4110980034 16.919198771112132107 5.7880027094371016005 -0.29190255368817069614
1744902647.5111889839 17.059779761492855243 5.7842629994003100791 -0.30876882690920565144
1744902647.6112170219 17.216214375490370259 5.7837807472379383356 -0.32035231438635808354
1744902647.711263895 17.365866546430890338 5.7781137960497899186 -0.32426129717929980112
1744902647.8113620281 17.513729941440971061 5.777468229884203943 -0.33645290894718477004
1744902647.9114079475 17.658563268302561511 5.7810097984625556933 -0.34803525069378066226
1744902648.0114400387 17.797099785599293398 5.7850742097957503773 -0.35269165967800658601
1744902648.1114969254 17.933863756622635321 5.7903944202905961447 -0.35788971673238206828
1744902648.2115330696 18.074593935889872398 5.7909427196972105278 -0.36251245960204953045
1744902648.3115549088 18.21535698692586891 5.7919348138023538652 -0.35994392514695178198
1744902648.4116199017 18.358983866384157579 5.7839816260671996773 -0.36048873669317921253
1744902648.5115749836 18.501317074903433024 5.7768587610231847407 -0.37027203866086655371
1744902648.611579895 18.649208251669325165 5.7690654906719291972 -0.37084935130621793364
1744902648.7116119862 18.795616596633202278 5.7664176300292240285 -0.38190153384155922645
1744902648.8116159439 18.946538580300430255 5.7718575464751484816 -0.38414005223923297638
1744902648.9116508961 19.09426241170131533 5.7719092884272820143 -0.39021141199682790601
1744902649.0115931034 19.24110041508788882 5.7709380080623438047 -0.38460512068511198969
1744902649.1116189957 19.390523205534698548 5.7663190842208624787 -0.38158438337483469027
1744902649.2115941048 19.535363607459920843 5.7825268425884361889 -0.38108933702002906196
1744902649.3115808964 19.675576815871281156 5.7810583184755719444 -0.37204241987288561022
1744902649.4115729332 19.81043247791077988 5.7802993032407039564 -0.37052922265888721398
1744902649.5117990971 19.948674927844177063 5.781751144462026204 -0.37884269952134158599
1744902649.6117200851 20.094724725214746286 5.7787977697846120151 -0.39289607283424066164
1744902649.7118930817 20.240251774381494698 5.7759864316774551796 -0.39901641672089555035
1744902649.8121540546 20.383776214787435066 5.7650569209297790607 -0.3970501620603353321
1744902649.9122200012 20.529969276144562684 5.7466584363180750472 -0.39643941691771505953
1744902650.0118730068 20.66601248611328856 5.7189805678377299003 -0.39462297576640825714
1744902650.1112821102 20.806068530796288485 5.6792215497479556774 -0.40324369595249504039
1744902650.2107059956 20.943206417383791518 5.6399854880722486428 -0.41220733194793213183
1744902650.3104050159 21.073470570214119846 5.5827188870973767365 -0.42224185262940544527
1744902650.4102621078 21.198211076148030685 5.5274580852132748632 -0.43754377489630158493
1744902650.5102200508 21.322122767949739597 5.4671519594706214917 -0.45334223611921592445
1744902650.6102459431 21.431536642335565546 5.3988659237804368374 -0.46051266160623582913
1744902650.710299015 21.530156918799129073 5.3193297415097609004 -0.47029320534501445339
1744902650.8104159832 21.622769828900768374 5.2279515367816795646 -0.48122317217230614617
1744902650.910490036 21.718293692773848136 5.1246271017391125113 -0.49120966087183048909
1744902651.0105850697 21.814175323368942827 5.0093416263884771311 -0.49190645709170816025
1744902651.1107230186 21.886235373512860747 4.8918053740928417739 -0.50199850030808212953
1744902651.2108330727 21.94263513796661158 4.7715743729030410947 -0.50620770530203218485
1744902651.3109400272 21.981888133189901424 4.6410538796578721943 -0.51287930604497589115
1744902651.4111320972 22.014992369986185139 4.4949237639270576139 -0.5249654764750519842
1744902651.5113170147 22.042968999538530284 4.3573502676334747719 -0.53547730424273409788
1744902651.6114070415 22.049411912141319903 4.2085514631894653803 -0.5420313000102424672
1744902651.7112839222 22.028417919349646326 4.0676622801033737176 -0.54128663886711925191
1744902651.8109779358 21.994921623174590763 3.9352533566347740468 -0.54444531474698520945
1744902651.9104380608 21.93354947865960014 3.8122834361778918932 -0.54730991742725287885
1744902652.009458065 21.864350432198008889 3.7015323612587436308 -0.5415550257420583824
1744902652.1088750362 21.799873050640645289 3.5892826777871964516 -0.53165936234496879997
1744902652.2090198994 21.753596983791908315 3.4672681295317770989 -0.52868043448833901277
1744902652.309762001 21.707360376987193007 3.3391057741937628656 -0.52843720174826580571
1744902652.4107370377 21.665964102396849 3.2069262486570204729 -0.5307851712601430183
1744902652.5116610527 21.634698270786305585 3.0680101043051406506 -0.53249125129842411752
1744902652.61175704 21.601320830126276462 2.9378577338936486818 -0.53459798019099113997
1744902652.7117900848 21.570246631683797744 2.819449663141611051 -0.54534701770398663623
1744902652.8121230602 21.55391938294610199 2.6964690532541744084 -0.55287088766315284349
1744902652.9122850895 21.538993253549257645 2.5775643707830067086 -0.55814287796663963892
1744902653.012075901 21.519215457423488402 2.4587965507614288896 -0.56478728388875165667
1744902653.1113169193 21.493526760575807799 2.323950198507741316 -0.56736774653949162417
1744902653.2107110023 21.471694644673213759 2.1778311106686216725 -0.57499904787856925825
1744902653.3105180264 21.444912044469337076 2.0355301082965659987 -0.58943873761608711614
1744902653.4104499817 21.421149359666568301 1.8993747693568399093 -0.60250411579420237729
1744902653.5104219913 21.394686262787697473 1.7662219037819257839 -0.60833259503798298162
1744902653.6103899479 21.36984617124720387 1.6261850280305170102 -0.61134770234364566033
1744902653.710408926 21.34373350517391188 1.4848674311973881768 -0.60879009731177480269
1744902653.8104739189 21.314832758958129233 1.3417745010731465527 -0.6031450010176365728
1744902653.9105238914 21.295609117145371414 1.204599260886579426 -0.59330952968130490355
1744902654.0106110573 21.273016420746863275 1.0817351131957242405 -0.58265428702814470174
1744902654.1106901169 21.251352080983512138 0.96724978697004337924 -0.5735372136820657829
1744902654.2107360363 21.228407292949082574 0.83849678841069708035 -0.56849447410328579622
1744902654.310792923 21.196181462031162823 0.69391504573394424682 -0.57415207545507107589
1744902654.4108500481 21.167110115398106274 0.54054820280417348322 -0.58203715377771991779
1744902654.5109000206 21.138780832662664722 0.3801399248173290002 -0.59035010855486524939
1744902654.6110329628 21.114481079943498543 0.23901951079977074022 -0.60367645133146208281
1744902654.7110440731 21.096124804020679022 0.10383055186204555309 -0.61340598970622939312
1744902654.8111009598 21.072354776905118712 -0.034003079373077033098 -0.61620165487289191297
1744902654.9110839367 21.049837374223013597 -0.17184142190616624735 -0.62441256685690049721
1744902655.0111119747 21.034126689599894178 -0.31364398032877155442 -0.63379696579821176439
1744902655.1109859943 21.014644999621051369 -0.46188443267928130931 -0.64617359453661393776
1744902655.2108008862 20.990257509092824506 -0.62195755970255717227 -0.66050950653214279829
1744902655.3109641075 20.967239094747117889 -0.77326798234491012085 -0.67387338296432741647
1744902655.4111969471 20.956906306214900582 -0.91685817213202802645 -0.68387096184156581646
1744902655.5114469528 20.943929787477685522 -1.0502286892595313894 -0.68813639710160701135
1744902655.611397028 20.935720235244598797 -1.1904587027264887933 -0.69049928711271202353
1744902655.7113471031 20.91889894816258888 -1.3306429589031782967 -0.6889381544002509683
1744902655.8112719059 20.909019839660903273 -1.471027125241892497 -0.70150784724243686608
1744902655.9112279415 20.891621724528114612 -1.6239017263798760649 -0.70562944243293823643
1744902656.0111470222 20.876985764710177307 -1.7743628543770648687 -0.70380087921951028918
1744902656.1111469269 20.874355130520150681 -1.9144488199159934716 -0.69301100544807170412
1744902656.2111411095 20.86070092642125573 -2.0540048162966013656 -0.68599466459772096005
1744902656.3110990524 20.842333510301806143 -2.1912822572937407095 -0.68190361777910957208
1744902656.4111170769 20.830858444349384939 -2.3334128030601224424 -0.68822822607187217336
1744902656.511136055 20.822632179543873576 -2.4753308644392637561 -0.69154917845058694326
1744902656.6111629009 20.811517336501001552 -2.6252480150315546936 -0.69252314164508521621
1744902656.7111461163 20.799597440842269691 -2.765055025608968986 -0.6868334325532576834
1744902656.8111760616 20.788538928634913816 -2.9052822069579797848 -0.68595143555480464492
1744902656.9112169743 20.779522997840373932 -3.0434189885501070627 -0.68797972206698843056
1744902657.0111660957 20.768873652026709209 -3.1833449786634528955 -0.6967559934624822926
1744902657.1111700535 20.755618825826910978 -3.3249112401483769119 -0.70678202284894453555
1744902657.2111489773 20.74558568990734031 -3.4708579302625572893 -0.7189378564664300475
1744902657.311166048 20.737587911138447794 -3.6157406181913063214 -0.7338580968191441567
1744902657.4111859798 20.724009372356096748 -3.7589322545099523865 -0.7461248021359196958
1744902657.5114240646 20.717945176349829239 -3.9022579716495142677 -0.75546405510669456529
1744902657.6112060547 20.698872257709130196 -4.0449158476462212519 -0.75700459901505756655
1744902657.7112100124 20.685468068152456311 -4.1907443493413767399 -0.75380825973132481455
1744902657.8111579418 20.679615005001988237 -4.3428712817341779129 -0.74791505340130082224
1744902657.910834074 20.67858998526293135 -4.4937955953403232456 -0.74897429884281929713
1744902658.0106630325 20.678314493036463517 -4.6340703859442990975 -0.7449371917029352641
1744902658.1109330654 20.681869528069988462 -4.7709677226461693067 -0.74737581156154420103
1744902658.2112278938 20.682830296852575458 -4.9038082722551221693 -0.75603164973432834817
1744902658.3111240864 20.693968510243191616 -5.0296859125079977915 -0.77201476904448951277
1744902658.4110920429 20.705068822033716458 -5.1601613733528619576 -0.78013166757666907447
1744902658.5113759041 20.71955069488162593 -5.2908078246842693559 -0.79352556940405971631
1744902658.6114881039 20.727522516947793463 -5.4260027159454073953 -0.79594685649954866058
1744902658.7114861012 20.736755377692819735 -5.5632296964641003711 -0.79219597487497273036
1744902658.8112781048 20.750911586069548775 -5.6985238178988630864 -0.79574448809674158678
1744902658.9109590054 20.759702588825089009 -5.8318778007709486388 -0.79570942364885288711
1744902659.0107660294 20.768977217977642624 -5.9630292954732500021 -0.79438825436723270457
1744902659.1106109619 20.779120392384246685 -6.0979736190010855879 -0.79837454203661772922
1744902659.2106120586 20.791944264987936464 -6.2359278500028683112 -0.80475576481452038013
1744902659.310585022 20.811130015668133808 -6.372729445544894844 -0.81528748964353958684
1744902659.4106080532 20.82965292387263645 -6.5011536619115828373 -0.82693867523135378139
1744902659.5106079578 20.848463939191567817 -6.6263957737788459212 -0.83000501249348579424
1744902659.6106340885 20.863914980221114348 -6.764116939019354291 -0.83963641464015914551
1744902659.7106599808 20.890078270120437054 -6.9158358030838078534 -0.84776909263084632151
1744902659.8107190132 20.910380040541440394 -7.0618762556619421034 -0.85563605106857731908
1744902659.910777092 20.934606668279549524 -7.2114277606399639353 -0.87029422241659593062
1744902660.0107820034 20.957716852275538599 -7.3470753984932928304 -0.87595462407327973064
1744902660.1109659672 20.987193754114247923 -7.4810598061152084881 -0.88668318816761781953
1744902660.2113249302 21.005339046129410718 -7.6155163146270874464 -0.89678831004365988644
1744902660.3113610744 21.021147468981574491 -7.7565575562417814481 -0.90339604694260911
1744902660.4109899998 21.034811532099812581 -7.898330711555834327 -0.91145204849255123669
1744902660.5106658936 21.046288129272006984 -8.0451791186454926219 -0.91318674224637697012
1744902660.6104528904 21.054239826742776387 -8.1940778171094521554 -0.91812292005737250467
1744902660.7104079723 21.06820098013517395 -8.3392551665271330563 -0.92122391101310041606
1744902660.8104300499 21.082173128510586224 -8.4858575103723552502 -0.91974506168445901988
1744902660.910531044 21.093668769189449108 -8.6337635445612708196 -0.91822617225437175303
1744902661.0105960369 21.103603264698989506 -8.7761428598632758025 -0.92099170003500963055
1744902661.110667944 21.10867302715518079 -8.9138826010959668622 -0.92476545962972700465
1744902661.2107388973 21.113580046448358729 -9.0494337790584609138 -0.9282623501449156489
1744902661.310988903 21.126326390614849515 -9.1935360022170904415 -0.933088766224509647
1744902661.4113719463 21.138632564556473881 -9.3262768066483250351 -0.93268059627995181238
1744902661.511646986 21.139471566219718568 -9.4542107636856584918 -0.93841786730274101558
1744902661.6114890575 21.147680298794909959 -9.5820644902468323778 -0.93756076362483253828
1744902661.7109210491 21.145585062279220523 -9.7019585426836449926 -0.93855047745133579618
1744902661.8101611137 21.132796216957483892 -9.8273731842578460061 -0.94709350662118363395
1744902661.909799099 21.121874175855019473 -9.9407278528741898072 -0.95066364484425014414
1744902662.0098628998 21.100177888205646326 -10.041191710715514418 -0.94627231573009007448
1744902662.1103320122 21.073456207506769289 -10.149791478998819727 -0.94728250297991434259
1744902662.2108430862 21.040020467178344177 -10.260084317718355607 -0.95432258397438818331
1744902662.3110330105 20.998751817281881671 -10.364902995470423264 -0.96023944616057854695
1744902662.4108650684 20.955572130305260004 -10.471782332695614315 -0.96304775739359627096
1744902662.5105040073 20.907849432645871701 -10.556128692111478529 -0.96706188730934727893
1744902662.6101839542 20.859733666234294702 -10.632664460536608075 -0.96945980486441563073
1744902662.7101430893 20.80887447881374186 -10.711824885990431255 -0.9667443799473247612
1744902662.810158968 20.750307985647349795 -10.794321864631694297 -0.96374196394307476421
1744902662.9101901054 20.67658415256003579 -10.869304578878265843 -0.95994641109817935298
1744902663.0103740692 20.608890153081222962 -10.940130946840511683 -0.95571924613766978673
1744902663.1106579304 20.52429557446532371 -11.0254845578027183 -0.95599206575475914605
1744902663.2109980583 20.433070442878840112 -11.098611378228284252 -0.96066080495098105096
1744902663.3110990524 20.330721834687896177 -11.16288386753161177 -0.96303594566199490767
1744902663.4110839367 20.218401218859291646 -11.214929438621549451 -0.97312021672081794321
1744902663.5111830235 20.110101908836558238 -11.252702997758776249 -0.97728138431024236255
1744902663.6108949184 19.995991705471816147 -11.284814403145968953 -0.9816031488863792287
1744902663.7108960152 19.879561682664075306 -11.315239146875050835 -0.98799516185742042307
1744902663.8109300137 19.764644012480403035 -11.338061776522184942 -0.98926562844362297966
1744902663.9108250141 19.647338741119796168 -11.350908108560590293 -0.99223249197184637538
1744902664.0100500584 19.545750347662750102 -11.33535921529345103 -0.98633607309116866357
1744902664.1090340614 19.44318311025220325 -11.314160576373012645 -0.97323915667543592356
1744902664.2084949017 19.328438111514213205 -11.300941679404422402 -0.96233190248599043137
1744902664.3086340427 19.206526662759376478 -11.300006138032673064 -0.95562700178760695557
1744902664.4096260071 19.090695882433969643 -11.298306957806989459 -0.95169183577168336985
1744902664.5106949806 18.978912441202712813 -11.30051339163811619 -0.95063386344301936681
1744902664.6112949848 18.860981704764750333 -11.311518897994144339 -0.95358840106911346712
1744902664.7115080357 18.738096564751607787 -11.319164060331706523 -0.95664833702393403669
1744902664.8113789558 18.606072138705648911 -11.328965369465565871 -0.95251020040163425495
1744902664.9110300541 18.46583491581964509 -11.342307912582421991 -0.95177696962740998554
1744902665.0106670856 18.328053548493159042 -11.34920106861854272 -0.9448305099577515298
1744902665.1103758812 18.197990030704154663 -11.354264286223465064 -0.93651219412955422072
1744902665.2101159096 18.068894955978869632 -11.351211073711468202 -0.93641140205453188283
1744902665.3100039959 17.936130465418077762 -11.358476126582086607 -0.92960886909239504039
1744902665.4099259377 17.808352334699904418 -11.357154795015265591 -0.92971345223771317823
1744902665.5099461079 17.669445689418040502 -11.360455344997216542 -0.92037335627378957792
1744902665.6099939346 17.523178558672761085 -11.367037949687984977 -0.91212929556642818874
1744902665.7100880146 17.374153392863917134 -11.366165865771810317 -0.90980094425629853827
1744902665.8101260662 17.229440105476129474 -11.364358570439740959 -0.9065595781388514629
1744902665.9102249146 17.085570709929825739 -11.371924185762598114 -0.91254946126063540834
1744902666.0103039742 16.93799056644335721 -11.378312878964749189 -0.92653314009582821154
1744902666.1103839874 16.794938333436771671 -11.381887995433247696 -0.93188379655635822374
1744902666.2104289532 16.654185087695587697 -11.381903410718354763 -0.92590415504513934319
1744902666.310477972 16.516222074493782657 -11.379556869422644994 -0.9189460118167559477
1744902666.4105219841 16.376469263168665691 -11.381020423184445178 -0.91477598263406956214
1744902666.5105690956 16.229520389511129963 -11.385567078064388724 -0.91565849947257493824
1744902666.6105620861 16.080968154501317002 -11.396708060138301732 -0.91863788773403021182
1744902666.7105569839 15.940231317495033636 -11.401899255416433121 -0.92101412275823624221
1744902666.8106000423 15.800843502795846263 -11.408111749210863906 -0.90920778091831278012
1744902666.9106020927 15.658313948884352129 -11.416964025051461462 -0.89316396798155262005
1744902667.0106329918 15.514423157232247519 -11.425692662562980217 -0.88329746391734376143
1744902667.1106801033 15.371529558968925144 -11.432803824250285629 -0.87416405298317878536
1744902667.2106919289 15.22732764992160881 -11.441328161672171149 -0.86643538959739496708
1744902667.31072402 15.086471615782823363 -11.448420247656279969 -0.85641709462151260901
1744902667.4107539654 14.945336089102697841 -11.455774162450847342 -0.84968287834811129233
1744902667.510999918 14.798068591756168288 -11.46360279107548763 -0.8397759128188242439
1744902667.610765934 14.648083733988112698 -11.469454931177997636 -0.84185847555964465894
1744902667.7107810974 14.497428831914525915 -11.482230015392479672 -0.84514839983443157401
1744902667.8107850552 14.349811475317261866 -11.490200150472311691 -0.84083015299390695407
1744902667.9107739925 14.197078524038968084 -11.503715696302666771 -0.83718889751653291498
1744902668.0115640163 14.050027674950174017 -11.516963680035090078 -0.82702498106073052409
1744902668.1108100414 13.900553512288663427 -11.524009647888100005 -0.82506017801472386619
1744902668.2110009193 13.750971219051667305 -11.532327771318485077 -0.8202995773957568737
1744902668.3109049797 13.6026446923997959 -11.537752061195849507 -0.81209671650985948421
1744902668.4106180668 13.464448977739351676 -11.541989567079786738 -0.80805769274563021831
1744902668.5103309155 13.326807477697192539 -11.539914714338751267 -0.80347611500075144519
1744902668.6102039814 13.191106952549674247 -11.534996847720078605 -0.79462429070044371393
1744902668.7101318836 13.052014759595596871 -11.530574179951784686 -0.79429793309461660389
1744902668.8101050854 12.906806837318104186 -11.529628628455702355 -0.79349206715143461022
1744902668.9101450443 12.760301671107715293 -11.53155489040492121 -0.79148633567281978518
1744902669.0101809502 12.613488681336855635 -11.536991309381038562 -0.79246860736750912579
1744902669.1102669239 12.464977633965618864 -11.54193840153417483 -0.7831874710170949605
1744902669.210299015 12.314535864165891965 -11.540978361750047654 -0.77894723694068035424
1744902669.3104410172 12.171606445595765322 -11.546101782867257413 -0.77744081145478938222
1744902669.4104390144 12.026390215020631658 -11.547464744229948508 -0.78230535844037207838
1744902669.5104520321 11.879015361352688984 -11.549645958955222724 -0.78206268824186964128
1744902669.6105029583 11.735758581348465057 -11.550902286010501285 -0.78011023597714901356
1744902669.7105550766 11.592298361656990124 -11.551785324557959811 -0.78163797747445573627
1744902669.8106749058 11.451074017474121902 -11.552136702967555237 -0.78055466514770710518
1744902669.9106390476 11.31511957514095279 -11.554428954400400187 -0.7741232550720589245
1744902670.0106310844 11.182171161102360202 -11.553405409643694668 -0.76184417225540723706
1744902670.110626936 11.044098636471110453 -11.55183393327207142 -0.74366708094906841531
1744902670.2105720043 10.899624099025210455 -11.553323705441712832 -0.73480677883964429231
1744902670.3105690479 10.749257084037701304 -11.556638094923872728 -0.72912952546110654239
1744902670.4105660915 10.603304305218767212 -11.555886362937542344 -0.72514722177383483803
1744902670.5105988979 10.461388485421252881 -11.563455194409792526 -0.71959528062821642713
1744902670.6105830669 10.32636967946288209 -11.564923227668385763 -0.71770000105188025419
1744902670.7105710506 10.190596030801254201 -11.559341507506371016 -0.71400907941364089027
1744902670.8105709553 10.04874895027458237 -11.561439001106323943 -0.71184623745307684661
1744902670.9105861187 9.8998455377192300375 -11.56979959456818996 -0.71059284420722623743
1744902671.0105550289 9.7470792357308031484 -11.577779715427828577 -0.71841686972159690683
1744902671.110558033 9.5965680099015120419 -11.588665421075029727 -0.72168453341380800481
1744902671.2106080055 9.4461197877699500935 -11.604268703968546816 -0.71798833720710764084
1744902671.3105869293 9.2993033602231225387 -11.607400081434070316 -0.71334468720129784458
1744902671.4105710983 9.154686793884421192 -11.608963359760503309 -0.71118654883662857369
1744902671.5108189583 9.0095993742675073435 -11.609956252592024128 -0.71298606788831930814
1744902671.6105999947 8.864976934694464461 -11.61540907689012414 -0.71050983639349185594
1744902671.7105689049 8.7191421624992742068 -11.624542878661314305 -0.70981610485911261765
1744902671.8105840683 8.5684337689577727559 -11.628446768941472556 -0.71098960240532060872
1744902671.9105739594 8.4263780295867682923 -11.630032995848974764 -0.70562831282557536561
1744902672.0105450153 8.2798519184167425067 -11.638113246678406298 -0.69476109152308795913
1744902672.1105470657 8.1366270476763631336 -11.64286912733811441 -0.68817635262955223485
1744902672.2105441093 7.9965914930311194908 -11.645128662245202378 -0.67914155935371423034
1744902672.310489893 7.8574340205101096402 -11.646775716572806303 -0.67165755137477012315
1744902672.4105110168 7.7112599792598439663 -11.65296542817796599 -0.66560275625372866681
1744902672.5107450485 7.5656201229181290202 -11.656384296214135077 -0.65621197893792360123
1744902672.6105461121 7.4175702723180512166 -11.66426860112617625 -0.64595165913255958579
1744902672.7105090618 7.2703766605249988686 -11.667268505723134453 -0.62840781751002339206
1744902672.8105220795 7.1235020955095480488 -11.669865032664276328 -0.62128191237057672769
1744902672.9104890823 6.9791876381487814029 -11.67471991518097596 -0.61657762938858351465
1744902673.0104730129 6.8322761350575431649 -11.684515673684513715 -0.61138073921607261063
1744902673.1103930473 6.6835798433123327911 -11.6886653000151437 -0.61410816222297692768
1744902673.2102909088 6.5420802611982651342 -11.696030965855635841 -0.62003882208675664689
1744902673.310133934 6.405934454028585634 -11.707947145930649668 -0.63088574554957732587
1744902673.4100120068 6.2722961751686892029 -11.721882821339105973 -0.63623001723993766188
1744902673.5099499226 6.1343426936479774625 -11.737538874166284941 -0.64160257981995127974
1744902673.6099820137 5.995912743821129709 -11.76457144274946387 -0.63801343677836708235
1744902673.7100749016 5.872678437380226768 -11.79524428086517851 -0.62814654411477033324
1744902673.8102829456 5.7493247870481356543 -11.833634621390881847 -0.62539932633585404442
1744902673.9107899666 5.6165547747096145059 -11.880374270693931038 -0.63193142796923285065
1744902674.0112268925 5.4749567929815459166 -11.935232666959093351 -0.63776905239743875153
1744902674.1110560894 5.3366112187221190766 -11.996670508086955564 -0.63932755292403009584
1744902674.2104530334 5.2023702667175735215 -12.058226818314764728 -0.63538154297294580086
1744902674.3095030785 5.0751298729922957875 -12.11886139526092343 -0.63342222445750195892
1744902674.4089279175 4.9548990860270283321 -12.176879403377908417 -0.62851346816366782111
1744902674.5088839531 4.8336849065144864568 -12.240561753740710316 -0.62534692130379088137
1744902674.6090359688 4.7240834201837760276 -12.310540204076430015 -0.62057895924393657872
1744902674.709125042 4.6142604367084656403 -12.389853814750848571 -0.61380763288877704387
1744902674.809194088 4.5052938711406129713 -12.475871626126380676 -0.61624560106268511106
1744902674.9094109535 4.4087379677064220118 -12.573699212963010297 -0.61259950789417683126
1744902675.0094189644 4.3228277874708220807 -12.679152493596724582 -0.61275984798482885374
1744902675.1091918945 4.2384179778267663252 -12.783774088354668663 -0.61762629398152801841
1744902675.2088859081 4.1596853687242010267 -12.891695553082270109 -0.62618686123641731367
1744902675.3089079857 4.1047166804399246587 -12.992116062375357544 -0.6302872329253091932
1744902675.4093279839 4.061355938838149271 -13.102766416693961915 -0.62932494947018291498
1744902675.5100018978 4.0369483085667567934 -13.211893548167333634 -0.62400530737444648288
1744902675.6106209755 4.0210191851499059723 -13.323181028515136859 -0.61872422089782630472
1744902675.7109720707 4.0263651017288468736 -13.429128824670245379 -0.62237796129187250571
1744902675.8111240864 4.0424758576017829625 -13.546130367143542017 -0.62009795336264006416
1744902675.9114360809 4.0662802124001462545 -13.663226428900633991 -0.62876876347135690626
1744902676.0114378929 4.0898450234608416665 -13.776261582590139554 -0.629170117188131095
1744902676.1106879711 4.1084557496350884165 -13.898262821176693649 -0.63163427888489964701
1744902676.2095201015 4.1280300841409749424 -14.022656898435705841 -0.63965249012993130595
1744902676.3089549541 4.1502661711963453328 -14.14610041510006333 -0.64317668014108253516
1744902676.4086821079 4.1669405334521645301 -14.264046157517958235 -0.64892673343933493513
1744902676.5081570148 4.1743702352180269699 -14.369517083362783438 -0.65646203553749771231
1744902676.6069250107 4.165964881949110854 -14.484449989046847662 -0.65556738962986005337
1744902676.7061629295 4.1518057721281076411 -14.601391371395328278 -0.63962862353628791023
1744902676.8061709404 4.1470179078127031858 -14.735082598783851182 -0.62630148061917012559
1744902676.9066610336 4.1356272135367575515 -14.865786721846340868 -0.61439191528950032328
1744902677.0072610378 4.1218324531114358678 -14.992832703416576479 -0.60376208675234210865
1744902677.1077311039 4.1158784350161390364 -15.132450502776753964 -0.59989562428654197301
1744902677.2078540325 4.1173640831587254851 -15.26074669077486945 -0.60264883400941193781
1744902677.3081810474 4.1305284751752653349 -15.383013012776340034 -0.60755262381949148853
1744902677.4091279507 4.1436557727361229553 -15.505219644631544895 -0.60709537165766491729
1744902677.5099570751 4.1567881321013748774 -15.633530254181410513 -0.62701613812258927272
1744902677.6102900505 4.1816236201872625244 -15.774387497446797468 -0.64419946357158452965
1744902677.7103159428 4.2039437353778676965 -15.916591646443231767 -0.65831782020026974322
1744902677.8103640079 4.2214887175834059363 -16.055354119332495344 -0.6573188651662854598
1744902677.9103019238 4.2337116912769827692 -16.176628612402961238 -0.65710520054016752223
1744902678.0101621151 4.2487234759324854494 -16.28999206189265081 -0.65994625486618752053
1744902678.1100840569 4.2616918904446654537 -16.395726419463745316 -0.65731921380541213917
1744902678.2101690769 4.274197582236345383 -16.517001668219627675 -0.65183641525011948303
1744902678.3102180958 4.2874363925143645915 -16.618874528890369646 -0.64793154324666379917
1744902678.4101350307 4.3024509337757974592 -16.71619525717740018 -0.64272614808491390637
1744902678.5100190639 4.3142731226133310685 -16.810646230524206146 -0.63843108706908324734
1744902678.6100239754 4.3254412421993659876 -16.9265040085172771 -0.64471906951945923137
1744902678.7126851082 4.3364118017144237527 -17.062903313236933656 -0.65090325589588293731
1744902678.8100559711 4.3468578754287801047 -17.224063521697903667 -0.65425507436842766928
1744902678.9102830887 4.3581226409124980137 -17.402729380518579205 -0.65739176467690618733
1744902679.0103290081 4.3725754705469084271 -17.56887460283607183 -0.66215145928767682459
1744902679.110227108 4.3795627889338577532 -17.704664981788269529 -0.67024208490406300687
1744902679.210187912 4.3883463185455244826 -17.811770484554330096 -0.68027839064890427423
1744902679.3101499081 4.3915882766390907932 -17.914156785864079779 -0.69238610818922441403
1744902679.4101231098 4.3978627915995032183 -18.026362548415981735 -0.70887589220740876428
1744902679.5101759434 4.4058685769531873433 -18.138931614035744389 -0.72150514483645700192
1744902679.6101989746 4.4136133383861269053 -18.252031620623579755 -0.73137409495265559567
1744902679.7102530003 4.4253364889728965537 -18.37957720314143728 -0.73340637596005753274
1744902679.8102879524 4.4385633025074522351 -18.499351086164409708 -0.7345762614790734002
1744902679.9103009701 4.443228202455252962 -18.626025757772001867 -0.73478352438175087435
1744902680.0103120804 4.4502854404855645143 -18.731667948158776227 -0.73411767598096322462
1744902680.1103579998 4.4565145468296698539 -18.838695850812502641 -0.73338385896227176186
1744902680.2103590965 4.4667387722947804463 -18.950473899286357948 -0.73685724099154037425
1744902680.3103349209 4.4726112053682332004 -19.051077560216175044 -0.7402948272732154944
1744902680.4103200436 4.4784115005983951008 -19.157838217965078798 -0.74768016199394049526
1744902680.5103940964 4.4862009504220106137 -19.243818898888367386 -0.75279602342538354254
1744902680.610503912 4.4933574132956088931 -19.334087269049945235 -0.7589424770367526607
1744902680.7106258869 4.4974821946061691591 -19.414293996758519967 -0.75999450125043410686
1744902680.8105230331 4.4943307779653327572 -19.495757651242385577 -0.7590021029725813051
1744902680.9102880955 4.4882938882932288394 -19.587919852897307749 -0.76834586716706843035
1744902681.0100929737 4.4677549391822823921 -19.686817117619419548 -0.76323364163731133303
1744902681.1099050045 4.4464389869560285717 -19.786463155960625215 -0.76545391083770697449
1744902681.2097580433 4.4267258684256152179 -19.889467197285203071 -0.76720998773693926953
1744902681.309648037 4.4018418606895810541 -19.98095821475342504 -0.77580811648734526731
1744902681.4095311165 4.3746422016280819278 -20.066841619359799154 -0.78393360114388710436
1744902681.5094790459 4.3438789937615416292 -20.147200196498292968 -0.78885979679934525866
1744902681.6093540192 4.3086606968908185422 -20.198563004613010463 -0.79237287337870077053
1744902681.7093410492 4.2843061364317991391 -20.239700146557083826 -0.79689732577790284296
1744902681.8097031116 4.269039831270692531 -20.278527351012236579 -0.79577933192729255474
1744902681.9100658894 4.2399245534198559682 -20.309835171585138625 -0.82371000215329126526
1744902682.0101139545 4.2061187472169798696 -20.345481696359609458 -0.8223566312002502654
1744902682.1099920273 4.1512972229629880871 -20.397352901044996543 -0.83930228700484699189
1744902682.2098510265 4.095013524988749154 -20.430938497343188232 -0.83674739037617840154
1744902682.3096659184 4.0447876473377979423 -20.456111852629913272 -0.8346544227296534002
1744902682.4095299244 4.0106844982372580333 -20.472663450568113319 -0.8254827269432249981
1744902682.5094640255 3.9699087487250581674 -20.482865794107528501 -0.8182039447429079182
1744902682.6097159386 3.9451718053038455913 -20.493515974942877023 -0.82256613349163820725
1744902682.7101380825 3.9126087850478437069 -20.494163209628624145 -0.82228480791613534073
1744902682.8104519844 3.8775684421460061557 -20.490304946284972232 -0.81687260315692211687
1744902682.9104230404 3.839338737734548257 -20.493879683434826688 -0.81301056562953388784
1744902683.0102300644 3.8067271945854215254 -20.492118590114326793 -0.81228956167637489383
1744902683.1099209785 3.7676573278313720827 -20.495301629604369964 -0.80067566409450430243
1744902683.2097139359 3.729345829975041493 -20.499483071652996102 -0.79219255034211999433
1744902683.3095729351 3.6952774508790682262 -20.489946825941558473 -0.77674204309209993191
1744902683.4095320702 3.656368837701218677 -20.480530677184859201 -0.77542162361517397162
1744902683.5095510483 3.6110302230818351887 -20.46723903780597098 -0.77918378823452227877
1744902683.6095440388 3.572980155957578674 -20.443664495995687247 -0.78136072602133932463
1744902683.7095339298 3.5350638413271888716 -20.416798294186918383 -0.76646493301423057609
1744902683.8094959259 3.4921042801554600388 -20.385710208916091091 -0.75740177599899749517
1744902683.9095330238 3.4594615932535921488 -20.35921720930581813 -0.75079414474739547547
1744902684.0096030235 3.4299736122222421741 -20.322346789058993721 -0.74601918473351225281
1744902684.1097199917 3.4078483208392804649 -20.275580150886579389 -0.74637035766415582572
1744902684.2097790241 3.3873665444928726664 -20.238524133636186519 -0.75307254463275341561
1744902684.3097629547 3.3755617989830430936 -20.206193260161736447 -0.75509358374845769735
1744902684.4097800255 3.3686785736408135783 -20.163544284761314884 -0.75178432403947603735
1744902684.5098218918 3.3736054213941488733 -20.10819512545945642 -0.73785363361817801753
1744902684.6098310947 3.3837827774073256926 -20.032280594731773249 -0.71728629669736876373
1744902684.7095808983 3.4066495089719821543 -19.948262538669812471 -0.7093863522167119795
1744902684.8088130951 3.4432056415544933792 -19.843168471195461677 -0.70712180119900625019
1744902684.9080169201 3.4788660076977064861 -19.728351571021143229 -0.71236782058569581011
1744902685.0074329376 3.5199169037400195315 -19.59706356470484323 -0.70932749687477869571
1744902685.1071000099 3.5527099966502757589 -19.470567666002917662 -0.71015431138059037508
1744902685.2071890831 3.580769889685712748 -19.35641261985472994 -0.72328961075812425729
1744902685.3080689907 3.5918344786550204795 -19.23865506663496916 -0.73178002117087925793
1744902685.4100310802 3.5703544866748422315 -19.09838051169470674 -0.74108385330385739831
1744902685.5123820305 3.5330363094153613979 -18.938387559178185171 -0.74423654164202890371
1744902685.6134529114 3.4976009773833713901 -18.772642258137153704 -0.74563555383638047136
1744902685.7127590179 3.4695989626681416063 -18.609890857267330944 -0.74526575923457738515
1744902685.8106150627 3.451876575580813622 -18.46025086572232965 -0.74243889194105705531
1744902685.9076490402 3.4348483087365568878 -18.32438938600878231 -0.73708236969704410413
1744902686.0052609444 3.4204397908864851985 -18.194688622097853425 -0.73298082586054580378
1744902686.1037020683 3.4020770312876194019 -18.060613970846080889 -0.72816891950215467677
1744902686.2029640675 3.3879624085442880954 -17.918304458636882259 -0.7184843602566911569
1744902686.3029260635 3.3706373824888076207 -17.769003592842754102 -0.71299497660110466857
1744902686.4033350945 3.3609742331917122904 -17.619951319331370598 -0.70058162034610227398
1744902686.5041399002 3.3604661565922433475 -17.477993111659365866 -0.69010204702668476173
1744902686.6048519611 3.3583511759821647047 -17.335321351698084413 -0.68450002515106445067
1744902686.7054059505 3.3557492697108490809 -17.201416814022621793 -0.6774727050698060582
1744902686.8060588837 3.3528437244040367737 -17.06237988810418571 -0.66851843134778865529
1744902686.9068250656 3.3515568709307470563 -16.919414936652810155 -0.66499452808719961006
1744902687.007119894 3.3547900517422823974 -16.78406652152986922 -0.66680049680620145924
1744902687.1072659492 3.3586715363301751225 -16.6571263101194873 -0.66007424835975192501
1744902687.2075068951 3.3637842732799447809 -16.52391310175111272 -0.65202557459338439383
1744902687.3078389168 3.3705819194963981822 -16.378127051555669169 -0.65001889314812366649
1744902687.4081499577 3.3777606225955070229 -16.225904986117534179 -0.64757857340137914282
1744902687.5083839893 3.3859023747098988544 -16.075211598662857426 -0.64895582270099327893
1744902687.6085219383 3.3956055933235309574 -15.921378634716429445 -0.65438396432997103513
1744902687.7087330818 3.3951077737712562765 -15.780353183659261873 -0.65065019559391923387
1744902687.8089489937 3.397086537518950955 -15.641177335996051312 -0.6496899257473457423
1744902687.9091310501 3.3938582533200514213 -15.509996510973499184 -0.65128320677608209088
1744902688.0092980862 3.3889819589072116557 -15.372974889427295508 -0.64732919411694500589
1744902688.1094050407 3.3843874151578301479 -15.223626824167384441 -0.64148650421604724858
1744902688.2095448971 3.3901554854407662809 -15.075673378418724013 -0.64096901094680003297
1744902688.3095579147 3.3907438551228228363 -14.924073857171382684 -0.63705923160695054897
1744902688.4096210003 3.396866828156079432 -14.778419400911893433 -0.62990957620759713276
1744902688.5096600056 3.3989798907117858562 -14.64180683829521179 -0.63037633156749872665
1744902688.6097590923 3.3970283711338051802 -14.503432241039586614 -0.62497158278711084645
1744902688.709731102 3.3999025837315470788 -14.368687450545785111 -0.61882903451734871947
1744902688.8097760677 3.4062531372759585757 -14.227600889142893337 -0.60889992559543648643
1744902688.9099559784 3.4175164986036863368 -14.076957376527619914 -0.60246403508734525101
1744902689.0100519657 3.4261300582547282723 -13.92840273999673073 -0.60426002567997094683
1744902689.1099760532 3.4389277477398878524 -13.786079135580605382 -0.60232957329748382236
1744902689.2097980976 3.4544178649578274332 -13.646370456707339613 -0.6032363957124817766
1744902689.3095800877 3.4727807579323695109 -13.508370795388024987 -0.60547119454647679859
1744902689.4094378948 3.4962064579239582329 -13.367557374076303844 -0.60651114664861827119
1744902689.5093789101 3.520598432613886164 -13.225980237039781429 -0.61058529545403084082
1744902689.6093299389 3.5458169477452852192 -13.079200735382570997 -0.61338404290435299959
1744902689.7093539238 3.5759134378325856396 -12.938716657391275078 -0.59961566670319255135
1744902689.8095259666 3.6008751553032616322 -12.80288026599543727 -0.59108656920636071241
1744902689.9096798897 3.6405698383167726107 -12.667674375624843108 -0.58847161965897198943
1744902690.0099849701 3.6872325783814723366 -12.530575723939323396 -0.58906094124775720822
1744902690.1102778912 3.7365717521467973761 -12.394929122027484425 -0.5903521362409042128
1744902690.210447073 3.7945404689290263001 -12.260231266086050184 -0.5924804355191637395
1744902690.3103260994 3.8629641276501454072 -12.134895562371671218 -0.58924559404804388585
1744902690.4099259377 3.9440557212164817358 -12.021471168353572878 -0.59001369750945908965
1744902690.5093729496 4.0365620598450018264 -11.916317780936616089 -0.5960028419395904109
1744902690.608604908 4.1478240772922418955 -11.830578406751357079 -0.59422397012934458083
1744902690.7080090046 4.2715152797328839185 -11.765316764401244853 -0.59774268807150399141
1744902690.8077180386 4.3941805587799818156 -11.710938111638366621 -0.58582249457370738632
1744902690.9076919556 4.5351420271442064447 -11.670783821180194195 -0.57776218888718922084
1744902691.0077340603 4.6846213764407176328 -11.641745239298813885 -0.57066250211580937801
1744902691.1074249744 4.8353021898700880854 -11.64662968422354794 -0.56379236160302748093
1744902691.2066259384 4.9789206253938207425 -11.664950955220332318 -0.56472476465663978829
1744902691.3063371181 5.1193396811410565306 -11.688935006488440749 -0.56607725552444587702
1744902691.4066879749 5.260134809233216302 -11.708786301846750177 -0.56810131805554320295
1744902691.507242918 5.3942468998792820756 -11.727264137194985949 -0.56826876246525315217
1744902691.6076231003 5.5275093241966253288 -11.752439537307493467 -0.57255834595637700168
1744902691.7076048851 5.6525992619662934757 -11.777771576691684174 -0.57941831698284063101
1744902691.8074929714 5.7814396721647129951 -11.789846375747760732 -0.59410070527186031875
1744902691.9083199501 5.9190831364517153546 -11.786709047435067532 -0.60498919516007509944
1744902692.0103828907 6.0657556866306014953 -11.754138641207662275 -0.6183809501916053275
1744902692.1119430065 6.2165408034195657194 -11.712287687942515291 -0.62873709547178668888
1744902692.2122960091 6.3677657729105581197 -11.677328033540465668 -0.63378477102848063129
1744902692.3117809296 6.5141864079443712043 -11.656891817730519634 -0.64084628330130111173
1744902692.4103939533 6.6523827360153280353 -11.648308756767024263 -0.65051995685374175427
1744902692.5080630779 6.795193285426726959 -11.657315136485737028 -0.65455666827637259964
1744902692.6050748825 6.9355034083927238342 -11.679914198779083989 -0.66066440606130238944
1744902692.7027189732 7.0813886335242477443 -11.701223814955598712 -0.67156850296273440382
1744902692.8019831181 7.2331394123115666517 -11.718737210172744057 -0.68720032365308481026
1744902692.901884079 7.3822533650065329525 -11.735032271727913411 -0.69598236849744776755
1744902693.0024080276 7.5221427814701433689 -11.738877777159519411 -0.70661901957891493087
1744902693.1037580967 7.6522023876594200686 -11.73631516288196508 -0.71262028263701127084
1744902693.2054550648 7.7909947457501447232 -11.722261216045362531 -0.71794819727552416921
1744902693.3063499928 7.9393729006772133516 -11.71357441857563586 -0.71533430437897405074
1744902693.4070599079 8.0889323748628019217 -11.706446772750732421 -0.71764901756096111107
1744902693.5075139999 8.2328456460889469781 -11.705863111201214366 -0.7156330031362179156
1744902693.6078600883 8.3732623426140158074 -11.705347907040843936 -0.71858068152417331476
1744902693.7081069946 8.5155060596659222227 -11.705431211539883307 -0.71299442739575591421
1744902693.8082749844 8.6554416317976663464 -11.704049484709079465 -0.71038278628219608812
1744902693.9084420204 8.8056338801179734332 -11.698489334918349414 -0.70581081711153681457
1744902694.0085480213 8.9513748794736400782 -11.697353296654142696 -0.70379068083575868631
1744902694.1086950302 9.1054711037864866086 -11.693653377419398254 -0.71180339127078595673
1744902694.2088279724 9.2587083297613776978 -11.687487528307212159 -0.71638934263300402261
1744902694.308934927 9.4048710112491384905 -11.683337966561277099 -0.72132050115545853775
1744902694.4090139866 9.5463452073438990197 -11.681740855390165379 -0.72105283443152390355
1744902694.5091280937 9.6853946437692783888 -11.67903256061073769 -0.72509298659999665837
1744902694.6092529297 9.8294517095838216392 -11.673809295048174661 -0.72712107799028991018
1744902694.7093720436 9.9733540866576948503 -11.667545420238738529 -0.72299141640809150289
1744902694.8093910217 10.11073986255788526 -11.662732457690301757 -0.71866998276229931975
1744902694.9094409943 10.262583425061770015 -11.651365379361065422 -0.72563755203309532327
1744902695.0094969273 10.406060766247286153 -11.643770237130560474 -0.73255607853443738264
1744902695.1094930172 10.548142074667628876 -11.642261067696415111 -0.74606644074628358787
1744902695.2095010281 10.690611062793644592 -11.644338276131049881 -0.74822862250139854368
1744902695.3095428944 10.833869707297552054 -11.637582778978334375 -0.75650741215167516263
1744902695.4095520973 10.980919318640784965 -11.636135810047223416 -0.76511445853670267958
1744902695.5097899437 11.127606470776250092 -11.628178124614708011 -0.77965109451685221664
1744902695.6095778942 11.266226533115156982 -11.622298839357341649 -0.78875375655462331981
1744902695.7096350193 11.409594728682769471 -11.611363834171426035 -0.79269627275422138712
1744902695.8096120358 11.550853939074642085 -11.598926525471091153 -0.80088174291297220542
1744902695.9096829891 11.693459949522182484 -11.592367311041144262 -0.80528443294652796158
1744902696.0096750259 11.836204514778522423 -11.582746532184536647 -0.81071572989205620274
1744902696.1096630096 11.977302773885432075 -11.576284931880056916 -0.81246454953477664773
1744902696.2096529007 12.129172401363119249 -11.571742027132966513 -0.81628239788497736207
1744902696.3096420765 12.27999279902409846 -11.567657648652705404 -0.82364956850036108449
1744902696.409651041 12.429428515757965812 -11.556418181587032379 -0.82333329674897715034
1744902696.5097351074 12.578807573877158532 -11.551425955619160746 -0.82647374522139671615
1744902696.6096510887 12.725396324379881108 -11.538733439841507789 -0.82483217868705449582
1744902696.709690094 12.870968618550930884 -11.523539169088708789 -0.82039009629507841925
1744902696.8096709251 13.011020515970997735 -11.506422947298094783 -0.81638863290967123021
1744902696.9096419811 13.154747201136727242 -11.49308748722054041 -0.81670357638320101312
1744902697.0096569061 13.293633634558123191 -11.485005222538887892 -0.81815462055446608325
1744902697.1096069813 13.440140723791719424 -11.476109783531509123 -0.81444863842281378652
1744902697.2095770836 13.586908538449350203 -11.469127655256810883 -0.81826885771170820849
1744902697.3096039295 13.730389078853722395 -11.463495423904966231 -0.82170025767558163565
1744902697.409678936 13.873387449219675815 -11.45850247095614094 -0.82808232760021049934
1744902697.5099320412 14.022576964374191988 -11.443491689501529507 -0.83822693613259025014
1744902697.610172987 14.175864706762311584 -11.433755624868473078 -0.85440549689685474366
1744902697.7097170353 14.316529653608082384 -11.431017685656231109 -0.86155194414750180254
1744902697.8091580868 14.45899662509090966 -11.432690577336444449 -0.86897332142625449691
1744902697.9085810184 14.597253331186120562 -11.441385838891966031 -0.87169188368065453343
1744902698.008368969 14.737645517992572053 -11.448120905463667896 -0.87321241404310434575
1744902698.1083199978 14.884515660810720306 -11.45146623061607194 -0.87809430569856061766
1744902698.208411932 15.029892336044905932 -11.461606360964159634 -0.8776864821155990759
1744902698.3085319996 15.176022308839627328 -11.473657230798576023 -0.8898080527664746775
1744902698.4086380005 15.309906011365105982 -11.478372140419706326 -0.90038283206805580505
1744902698.5088310242 15.448278732232900268 -11.48114025489601886 -0.90809742203439047792
1744902698.6089320183 15.589164611453686149 -11.483708718713264929 -0.91347642095404069096
1744902698.7089929581 15.734923422087677025 -11.481957220367981165 -0.91490022836491136093
1744902698.8090450764 15.879891099473013583 -11.480675165316901243 -0.91495925201796424187
1744902698.9091351032 16.026299087463591775 -11.480947464110501599 -0.91514837754155342608
1744902699.0091760159 16.172574444303236874 -11.48817623564929491 -0.9194656753148966466
1744902699.1091620922 16.319046643994919776 -11.492957905456865575 -0.92981570746807618022
1744902699.2092280388 16.464913675298731732 -11.49545715487720976 -0.93849830508266851581
1744902699.3092460632 16.603178472263707022 -11.499794710741783277 -0.93881675630775396346
1744902699.4092400074 16.737679391576072874 -11.50185006738048088 -0.94992735761469904165
1744902699.5092830658 16.859051326144410154 -11.500333904197248103 -0.95796491164722841205
1744902699.6093010902 16.98871915300412283 -11.500912910003789236 -0.95504613300863649972
1744902699.7092781067 17.138336493343011568 -11.500490195814615291 -0.95645883463896430587
1744902699.8093159199 17.295098957137920337 -11.49433036441488909 -0.95254474988629822541
1744902699.9093170166 17.448336263318690698 -11.489644694103706257 -0.94868370084157216393
1744902700.0093810558 17.594183961986509246 -11.489519243577179353 -0.94720539355559396633
1744902700.1094110012 17.737116220024777391 -11.489842968332309781 -0.94684450817573762027
1744902700.2094390392 17.864527694967613058 -11.491157259806165314 -0.94611700047581248629
1744902700.3094439507 18.000833693521911982 -11.490617022764475053 -0.94810031459032950707
1744902700.4094309807 18.147156800156633238 -11.492966415583278916 -0.95239394937428101251
1744902700.5094540119 18.29386415631030971 -11.494233844239955644 -0.95715683653252559004
1744902700.6093780994 18.439128314296294064 -11.496179579933670567 -0.9596712609793657256
1744902700.7093379498 18.589922501791033227 -11.49738108157276173 -0.95955620112509476538
1744902700.8093709946 18.736728978311589344 -11.500126352060442869 -0.9600712212723635508
1744902700.9092919827 18.876606769478023296 -11.506989392095324121 -0.96509492172167643531
1744902701.0091199875 19.023657755959522575 -11.504988351002172209 -0.96771542350710437752
1744902701.1088819504 19.165995032053995573 -11.499423120549943533 -0.96712460121248544631
1744902701.2087728977 19.309873492979349408 -11.487703627323698541 -0.96048127897047208545
1744902701.3087620735 19.45191763047602862 -11.471403931517590635 -0.95650929780844273775
1744902701.408862114 19.587489289869143505 -11.448182666356778725 -0.95551897016279629948
1744902701.5090119839 19.722891600544034674 -11.415574253046102626 -0.95553656127712527368
1744902701.6091120243 19.855290852919239342 -11.370217475521460671 -0.95458725628020157927
1744902701.7092299461 19.976873076405606611 -11.324820240528852722 -0.96094308350363877302
1744902701.8094499111 20.09523657498205651 -11.282652479989984329 -0.96388198568546790135
1744902701.9095869064 20.229571718154776505 -11.240963092615825047 -0.96753762059069492452
1744902702.0094850063 20.354500618153632985 -11.178139591015302301 -0.97353134713989686322
1744902702.1091859341 20.470254389695952568 -11.112116347203011557 -0.98456993968094308478
1744902702.2088940144 20.574310711495222392 -11.045931895152618196 -0.99547073886971260137
1744902702.3087480068 20.679432597512452219 -10.974812798499222311 -1.000052505644771994
1744902702.4086339474 20.77750795954092311 -10.893103417638176467 -1.0020074093870274812
1744902702.5086860657 20.861051263731052785 -10.791646229121051093 -0.99691850209952659334
1744902702.6088359356 20.934491676660190507 -10.678324028298765924 -0.99529115045532057238
1744902702.7089018822 20.994486467313993927 -10.564054202289502982 -0.99289211542909106001
1744902702.8089859486 21.038964365641465548 -10.442379094931007799 -0.98820777286455385724
1744902702.9091959 21.068368798063179526 -10.305731826770347936 -0.99034633965783780418
1744902703.0097570419 21.078535848459132751 -10.16216138649125611 -0.985689832434410107
1744902703.1108400822 21.071592903260157215 -10.01193177355215802 -0.98113431468728606877
1744902703.2112870216 21.061565596951357549 -9.8684995594821227627 -0.98867422403771787476
1744902703.3103079796 21.065165714672126285 -9.7377989777133642235 -0.98731179028948234944
1744902703.4085450172 21.073664485484016495 -9.6154041066533544324 -0.99663187324941915346
1744902703.506964922 21.075077778348966007 -9.4850213788208304067 -1.0056438813087675843
1744902703.6060009003 21.077091861987714339 -9.3480818175812405713 -1.0073764835101035597
1744902703.7054319382 21.073529473032341031 -9.2063612439874695781 -0.99407571602518929321
1744902703.8051431179 21.071527326855253648 -9.0677513086110295149 -0.97765481732919645719
1744902703.9052000046 21.064914018535834117 -8.9442466705707488472 -0.95554703567525223207
1744902704.0055420399 21.053384111984428273 -8.8165267902408324119 -0.94569738064267461208
1744902704.1060659885 21.050606521812468941 -8.684351936359552937 -0.92806566093089670755
1744902704.2066659927 21.044580355903661939 -8.5461791344737054743 -0.91354011379784771929
1744902704.3069479465 21.038303497500429273 -8.3997226963620406082 -0.90082538268251988178
1744902704.4071130753 21.033427286213161267 -8.2514903199523548238 -0.89667637168835157002
1744902704.5072140694 21.026546935347663947 -8.1022507531478034082 -0.88744312360092114655
1744902704.6074850559 21.01670143084597342 -7.9531221783689831639 -0.88046773232367747664
1744902704.7076849937 21.012588174324374535 -7.8047768633197245336 -0.87122776130808854411
1744902704.8077800274 21.008414972532463594 -7.6584284793423433868 -0.86843535712169461771
1744902704.9079709053 21.004665324263264381 -7.5241052224538798043 -0.87157528486063440276
1744902705.0080909729 21.003013090634137683 -7.3846604680254079867 -0.86236860881927035472
1744902705.1082680225 20.997812936416185181 -7.2452379185662110217 -0.85548256823254242853
1744902705.2083959579 20.993926923504563575 -7.0982418689366042486 -0.85297193288948336409
1744902705.3085100651 20.992528721214654297 -6.9468194785203953856 -0.84673501403763851147
1744902705.408657074 20.988346067033219811 -6.7964701132582643339 -0.84078741828016945181
1744902705.5086901188 20.983033907358759507 -6.6482714222850756158 -0.82771029749664348785
1744902705.6087839603 20.972833444194179719 -6.5043312541203235355 -0.82027377412849877825
1744902705.7088170052 20.960058301003382297 -6.3624220353978984122 -0.8096310415796817983
1744902705.8088669777 20.95756297247636013 -6.2218404656916348472 -0.80822466903738554578
1744902705.9089820385 20.952759888939159083 -6.0796068387299646574 -0.79736933085484029693
1744902706.0089759827 20.958325922415927067 -5.936772676626762113 -0.79480875226654068566
1744902706.1089789867 20.963146419304784729 -5.7940665435466049971 -0.80459502066470545145
1744902706.2090001106 20.967177144304034897 -5.6482632313599339113 -0.79970331819018236619
1744902706.3090610504 20.966415029408072002 -5.5032865705554714353 -0.79854375196988847119
1744902706.4090828896 20.966697138713609405 -5.3561515286142000747 -0.79215915165924899455
1744902706.5093569756 20.956057950638300014 -5.2113092678794092905 -0.78791399041747778309
1744902706.6091120243 20.95345777221334771 -5.0714459331808017239 -0.78048407534640562577
1744902706.7091488838 20.944240668439014996 -4.9308165528198255601 -0.7706979832736363667
1744902706.8091380596 20.941376148579809779 -4.7869944880179655655 -0.76348467963878430265
1744902706.90914011 20.937661759173554543 -4.6457863265127787855 -0.75145799104213906183
1744902707.0091059208 20.93216318773919582 -4.5049139039240513327 -0.74427033488687832641
1744902707.1091279984 20.932286712700385323 -4.3605729216045130414 -0.74428404334572295653
1744902707.2091150284 20.932570142083225306 -4.2137447975366413289 -0.74200578761092172986
1744902707.309087038 20.934400150129484075 -4.0658311699512399429 -0.73679624453058700784
1744902707.4091320038 20.927538673553147675 -3.9195794360096898323 -0.72995810930518489901
1744902707.5093228817 20.920906731312797433 -3.7725234742463356064 -0.72203974736056730777
1744902707.6092529297 20.917114849389083275 -3.6231631778016004652 -0.71637906045282551126
1744902707.7095079422 20.909304447282398343 -3.4740017884375964385 -0.71594671425265854481
1744902707.8094201088 20.915559792194844846 -3.3253731562128057142 -0.71962725009075056981
1744902707.9090108871 20.924337982512476231 -3.1890914389251925343 -0.713976688246716229
1744902708.0084569454 20.924768159049669691 -3.0492101709505261553 -0.71442492681917746378
1744902708.1083610058 20.928835074009121797 -2.9041109483439280226 -0.71454934168570216624
1744902708.208466053 20.940510135900833433 -2.7570923220987024749 -0.71262189777994089379
1744902708.3084549904 20.953620945491596927 -2.6099703572181556233 -0.71298270513779204993
1744902708.4083690643 20.966977767942356792 -2.4611580616641193231 -0.7135835293772584409
1744902708.5084381104 20.980646501112495628 -2.3176386340823507126 -0.71192832557054330778
1744902708.6087009907 20.996083521465070731 -2.1775489268002501397 -0.70587336245102305643
1744902708.7087249756 21.015596140459077645 -2.03847894541086605 -0.69795533917516583422
1744902708.8085830212 21.026066960099456082 -1.8992065240506754709 -0.68932877787962354432
1744902708.9085130692 21.039933186515579422 -1.7615084490593526656 -0.6861296036014209454
1744902709.0085570812 21.056512148995334854 -1.6184837062329562318 -0.68507201498795777805
1744902709.108743906 21.077396438630792375 -1.4747088737072782116 -0.67815945346017347806
1744902709.208947897 21.084767578820255096 -1.328121137783595529 -0.66586922343024113058
1744902709.308907032 21.09885960977675623 -1.1877886451536467938 -0.66852778653824873611
1744902709.4087209702 21.122593973688282176 -1.0482286632024468975 -0.66265994917855697288
1744902709.5084309578 21.142369349246418864 -0.90588861542975862573 -0.65390813199982600334
1744902709.608164072 21.162196021563016046 -0.76422772560028429112 -0.64893062983565352742
1744902709.7081511021 21.183246431426020706 -0.62145148279951811787 -0.64736150736795172733
1744902709.8087589741 21.195191943761130915 -0.47517171615449860234 -0.64637312214792552734
1744902709.9093708992 21.200850453003003082 -0.33136673035231706264 -0.63510049236563337338
1744902710.0095500946 21.207976828741841757 -0.19076111784266167049 -0.62485268636165558487
1744902710.109333992 21.217373048192271767 -0.047920242308342797521 -0.61653936735718684048
1744902710.2090380192 21.227048484412943452 0.09781323381511206061 -0.61061306212058796827
1744902710.3087201118 21.23706877362478096 0.24158212206210008532 -0.61096991688448809565
1744902710.4083480835 21.243844675341435391 0.38481604963999127555 -0.61163157776510712615
1744902710.5081310272 21.250616035488533839 0.52724947066310623445 -0.60965329435173298833
1744902710.6080110073 21.254377797939458361 0.67044603543472391927 -0.60957188191913591613
1744902710.7079839706 21.255515620084882045 0.81232237760258696468 -0.61625486893413672362
1744902710.8079528809 21.258982553083050959 0.95574681409165462842 -0.6157927367384691264
1744902710.9080710411 21.267329581319764031 1.1047398284272713642 -0.60980927619380353999
1744902711.008177042 21.275618320529016358 1.251518244058741125 -0.60926467038051623781
1744902711.1082940102 21.274495083363692771 1.3931436201849021206 -0.61609335001387699471
1744902711.2083919048 21.275809731860228169 1.5372268450648636229 -0.61173733621803083604
1744902711.3085160255 21.275426238885295049 1.678060431322959678 -0.60635258048672191489
1744902711.4085679054 21.270691048426105141 1.8126026967793811284 -0.60453160482426848699
1744902711.5086219311 21.273651293201840673 1.9469778532791564007 -0.59280388706796960374
1744902711.6086719036 21.28197987461770424 2.0821827916817463588 -0.57942352269656416386
1744902711.708698988 21.277778708745973546 2.2254421994571353949 -0.5760070074722033473
1744902711.8087251186 21.279237724078658545 2.364592850852261563 -0.57806388294256716431
1744902711.9087378979 21.278711368340569976 2.5082099566801034918 -0.57626256634246419974
1744902712.0087640285 21.283362099589936633 2.6573993010698102601 -0.58081675938570642703
1744902712.1088020802 21.283744037931928261 2.8052391688345470477 -0.58003981544754168453
1744902712.2088270187 21.277831420218706882 2.9469416322419133003 -0.5636194778551280038
1744902712.3087849617 21.276689818430849499 3.0873727638079251356 -0.55058215849420955035
1744902712.4087560177 21.276043084223331903 3.2147474168742822265 -0.53756681834676467435
1744902712.5085189342 21.270959671164977323 3.3295424548839185341 -0.53240991117773350805
1744902712.6082499027 21.270818110381398469 3.4417556153925406015 -0.53642725817438674518
1744902712.7082018852 21.267477178333049181 3.5635713629239420541 -0.53750236785951266416
1744902712.8084430695 21.250992566163809272 3.6865419943812680614 -0.53685438811960994876
1744902712.9087591171 21.224947577092653006 3.8113116193138556476 -0.53448250822006881933
1744902713.0090899467 21.200506678391342064 3.9398702122505864232 -0.52794008510300016734
1744902713.1092300415 21.171730050317162153 4.0724051236040770263 -0.52427469503788193261
1744902713.2091350555 21.139965079265145675 4.2072516783236348914 -0.51065356351767698939
1744902713.3089089394 21.112155893399826567 4.3413445078302608238 -0.49981630324907527774
1744902713.4086089134 21.071557087497811978 4.4702319457634338562 -0.48497974487085826478
1744902713.5082659721 21.032514185580762245 4.5954448817898203572 -0.46824890868015461853
1744902713.6079890728 20.983151214161470222 4.7165966694605145904 -0.45531452382264486767
1744902713.7075328827 20.943132068435570403 4.8292361217938664097 -0.44378116990867821912
1744902713.8073129654 20.886545090325835616 4.9385033535507867342 -0.43341991852509215155
1744902713.9073829651 20.822262341050166157 5.0435846281186993423 -0.42252937523424116684
1744902714.0076088905 20.749425885174826334 5.1422607061192495692 -0.41822985118798300386
1744902714.1080551147 20.664506418366450191 5.2393769566825225681 -0.41494676565828575443
1744902714.2085719109 20.568990906278656894 5.3256624821241569379 -0.4181073985359720635
1744902714.3090701103 20.469346145865344511 5.4036632347777686647 -0.42605622087995298486
1744902714.4092259407 20.36004418015651396 5.4683441340555045684 -0.4297572988381059278
1744902714.5090579987 20.248743317743002734 5.5223975866048480299 -0.43232251271813004756
1744902714.6087200642 20.141272152463553624 5.5625047020886411175 -0.42674694081042818805
1744902714.7084619999 20.02971495288975845 5.5955709341415085234 -0.42552094644438287485
1744902714.8085589409 19.905829633177543059 5.6188310051948500146 -0.42346842902709075362
1744902714.9087231159 19.772528029678987593 5.6387466247249760087 -0.42236971513933213584
1744902715.0088670254 19.638858912672628065 5.6468027575955597186 -0.41966335276312993763
1744902715.1093900204 19.512024315195084512 5.6428900573554647835 -0.41439476409296316373
1744902715.2097489834 19.377588973731949551 5.6396273851311953251 -0.40216607447769747719
1744902715.3095030785 19.234418483768276786 5.6393091976386191533 -0.39345746767825423573
1744902715.4089379311 19.087691139257806583 5.6383795858676704071 -0.38869426134286710894
1744902715.5083379745 18.952046134920752962 5.6419156859119432568 -0.38632472385454524888
1744902715.6073870659 18.823055586104711523 5.6513900026364103368 -0.37838836696000821558
1744902715.7066130638 18.703532908733642159 5.6634863280766003513 -0.36524893189644719316
1744902715.8063499928 18.589431669759921562 5.6700397049521997772 -0.35205000936292152325
1744902715.9063589573 18.465213190182886649 5.6766099331101855796 -0.34662031339704707511
1744902716.0064129829 18.342488210370543555 5.6835827138132897218 -0.34494712701651480957
1744902716.106621027 18.213464648799913448 5.6886348189861548619 -0.34868076783475293601
1744902716.2068591118 18.073799368094526585 5.6955377203097148353 -0.35406258081592029141
1744902716.3071539402 17.927440787752143336 5.7176580915787793558 -0.3573665035713128324
1744902716.4073860645 17.77431425581729485 5.7371459886343734169 -0.35359054702784237234
1744902716.5075240135 17.626185526639130074 5.7472491908472669309 -0.35087713455099905913
1744902716.6077070236 17.481523299182271103 5.7514873798535246507 -0.34245417028220742628
1744902716.7078340054 17.346311674215069587 5.7562894226235394868 -0.33028786565943929476
1744902716.8079969883 17.212447444238399896 5.7696902510541647757 -0.31866762084954047829
1744902716.9081349373 17.084207505026544283 5.7818156105479818763 -0.30502418584193280449
1744902717.008245945 16.950151180735886669 5.8051036366389707766 -0.28792175514902401678
1744902717.1083390713 16.817416317480244459 5.8267535612855283489 -0.27531646581002411356
1744902717.2084031105 16.684302481874091484 5.839158788316469284 -0.26839475624254349739
1744902717.308453083 16.557392783132776515 5.8512735593843565596 -0.2548407617931173208
1744902717.4085309505 16.427080049420919039 5.8635128311282018743 -0.24730212072895474407
1744902717.5085909367 16.279751014613513149 5.8769928758325695739 -0.2494547277117452333
1744902717.6086409092 16.126460799844672067 5.8897763467659434156 -0.25072121988177342722
1744902717.7086679935 15.96787481841400691 5.9020392714771308107 -0.25495053487165814099
1744902717.808701992 15.815642921156923606 5.9151346078135960127 -0.25351668628612522571
1744902717.9087450504 15.671786135758733138 5.9215222520991037669 -0.24762183491571346239
1744902718.0087180138 15.539567114491202204 5.9243518927259515294 -0.24756243034759126131
1744902718.108725071 15.398582657499229498 5.9367296275716654463 -0.24435713327214431123
1744902718.2087020874 15.263221083834348946 5.9461738005461670653 -0.25117757444348093321
1744902718.3086960316 15.119417506701594789 5.9585824561648319531 -0.2519313973825298425
1744902718.4087018967 14.975233708099336738 5.9736785845116369131 -0.25120024054894674048
1744902718.5088720322 14.827293654501337627 5.9885989805007175946 -0.24789311305105243832
1744902718.6088049412 14.680413879640170194 6.0058496975524420236 -0.25150025571778883426
1744902718.7087380886 14.540061096445331401 6.0182548718724273584 -0.2527636146285905383
1744902718.8087201118 14.397514489057886777 6.0301554506305965475 -0.24940733936794823311
1744902718.908741951 14.260215262580310025 6.0397893097500103821 -0.24544333666553014295
1744902719.0084950924 14.121099733517946007 6.0493778340593271636 -0.23701279882138409638
1744902719.1081979275 13.984494728494823335 6.0573526296121258383 -0.23147860160579911137
1744902719.2080790997 13.836058309479223993 6.056323047414212013 -0.22754842259104121616
1744902719.3083629608 13.6896132596958644 6.0498657048256321289 -0.22088043844510774072
1744902719.4087839127 13.541021713469035603 6.0476252661656859644 -0.22462349598700936948
1744902719.5090260506 13.394643996366687233 6.0512499283536627104 -0.23635075047129178172
1744902719.6090989113 13.243158295908001421 6.0581426900324863993 -0.24073121106140465963
1744902719.7090480328 13.099090477331095883 6.0592765043239680267 -0.24101613736535121291
1744902719.8087620735 12.970780729464529202 6.0585975829720686292 -0.2337068563575192548
1744902719.9083769321 12.833405418599488357 6.0617887655921389722 -0.22632358612596117919
1744902720.0080800056 12.697618525551067847 6.0623166679913387256 -0.22148859961552841424
1744902720.1079089642 12.558966116418966763 6.0589839486371923627 -0.22610750481644240062
1744902720.2078149319 12.425091648146453949 6.0555742058111370341 -0.22591735529370512991
1744902720.3078138828 12.281104588058148863 6.0527895203089281395 -0.23040250243751608794
1744902720.4078040123 12.132209195407172686 6.0529083849467246736 -0.23283195166561337919
1744902720.5078539848 11.976263762549484326 6.0508538752202500888 -0.23008486566264613193
1744902720.6079599857 11.81999036652929469 6.0473485205764365702 -0.21831614456571363236
1744902720.7080760002 11.67809011976996203 6.0447342761349203144 -0.20384662787359641989
1744902720.8082220554 11.544528071960549198 6.0427142317907023283 -0.18680688492865171746
1744902720.9083149433 11.422244437714976328 6.0407575521404002217 -0.16610925107685528546
1744902721.0083549023 11.283586819385391209 6.0440893708420686536 -0.14768779858744726652
1744902721.1083910465 11.138623404154227359 6.047336195271039827 -0.13171812395368381887
1744902721.2084009647 10.992124515194909407 6.0475135449826540324 -0.12161036930297959568
1744902721.3084709644 10.8526232897100261 6.046857855543917637 -0.11904223124771104447
1744902721.408509016 10.702215792664725669 6.0418325185225221219 -0.11842809549495285359
1744902721.5085148811 10.556117026306427675 6.0338680560658914942 -0.1186990794808696903
1744902721.6086239815 10.410611478101003513 6.0250104898917742346 -0.11244145168325202222
1744902721.7085540295 10.259885801416086082 6.0201792713331725437 -0.10768611314298075221
1744902721.8085770607 10.117467735500197179 6.0120082177707674376 -0.11430544318598026554
1744902721.9085409641 9.9741478432484633743 6.0019680156260344361 -0.12079810206412584794
1744902722.008548975 9.8319044821935754896 5.9986138224740548353 -0.13104144314559854068
1744902722.1085629463 9.6886067176667634016 5.9967212411026409313 -0.13518216119138601328
1744902722.2085649967 9.5454340409590017202 5.9975693485609467004 -0.13140322034488366443
1744902722.3086140156 9.4187386567373625468 5.992049095366500211 -0.12190898750965685482
1744902722.4086380005 9.2944731949413110783 5.9892249212902406441 -0.10773805917133451315
1744902722.5087499619 9.1653105273886268378 5.9849861698479358552 -0.09669627780966191799
1744902722.6089498997 9.0287600545553257092 5.9815824711709373318 -0.099485432913660951093
1744902722.7093420029 8.8917427067038339317 5.9794226070735607692 -0.10435957138256264642
1744902722.8088560104 8.7508785507652486757 5.9888038110631800492 -0.10768227482367778713
1744902722.9081130028 8.6104396421949331852 6.0012851244772082993 -0.10849372411847607589
1744902723.0073280334 8.4600312532555239642 6.0135413062967257858 -0.11063696317475714415
1744902723.1069869995 8.3021103780953122708 6.0246912107722021545 -0.11158500748015205695
1744902723.2067959309 8.1397421259485955858 6.0366669662826639708 -0.10939648644439618763
1744902723.306787014 7.9945422621822350706 6.0436985463344434777 -0.10545958745504889487
1744902723.4071569443 7.8503094730428779613 6.045675076963616057 -0.10567327169512739926
1744902723.5075390339 7.7187352322279636496 6.0498767055648041691 -0.10334741000623173801
1744902723.6078290939 7.5956050227588347568 6.0512899718388952763 -0.10181008393556680025
1744902723.7081990242 7.4583099241564996262 6.0569020814949192655 -0.096893291610369428057
1744902723.8084630966 7.316117524596857713 6.0600146508644243681 -0.088902853569807899214
1744902723.9083080292 7.1740428029050278269 6.0695344548867709022 -0.075814544498164188058
1744902724.0080730915 7.0297811386520319132 6.0765704590023981169 -0.066034061104611088688
1744902724.1079390049 6.8900980257072115265 6.0852226278968322148 -0.063168215781473968651
1744902724.2077178955 6.7599208557323811064 6.0898793088856963962 -0.064407004640724171973
1744902724.3074719906 6.6096375590518636756 6.0920684259739195099 -0.066820231242614852585
1744902724.4076809883 6.467787504145643851 6.0849378281863542028 -0.061473723817478662101
1744902724.5081269741 6.3378760675889660448 6.0775101180317960825 -0.052456602342531209737
1744902724.6084630489 6.2153430624761716317 6.0769804306221892887 -0.037232241191113728263
1744902724.7085700035 6.0953616441426117234 6.0734171988922751595 -0.034323043377402162601
1744902724.8085749149 5.9612944933930567259 6.0712594566629514148 -0.037768635420813524706
1744902724.9085230827 5.8163536327473570609 6.0699986591760621835 -0.042534337738349269065
1744902725.0086019039 5.6682943031364807496 6.0728318473413098744 -0.036683298058022173471
1744902725.1085059643 5.5256995546721956458 6.0726634528818488334 -0.035965773588746807743
1744902725.2083630562 5.3846149290247300456 6.0742289723982194616 -0.040182254955021229348
1744902725.3082630634 5.2442173670716609735 6.0749030327019131192 -0.043345748021812603723
1744902725.4081799984 5.1231477987689340026 6.0783025680802547086 -0.039302226849031084155
1744902725.508220911 4.9943473456949991629 6.0791982392230421439 -0.034562054315717218034
1744902725.6082561016 4.8688417573569067187 6.077528162061988759 -0.037082293179483319379
1744902725.7082619667 4.7375272661969320964 6.0800080500121964633 -0.034927189201827066323
1744902725.8082380295 4.5880726486328882174 6.0814939041044517865 -0.028261096885770713161
1744902725.9081680775 4.4390063878555388044 6.0910376424638803528 -0.024951578031697042859
1744902726.00812006 4.2888423680785825454 6.1032956328149259306 -0.018903485685159735624
1744902726.1081740856 4.1308319952934189345 6.1186467436408884524 -0.014246708145737897733
1744902726.2082080841 3.9845658534670924666 6.1338775998138279633 -0.015399923633955875032
1744902726.3082520962 3.8476192542481801873 6.1432183775297737327 -0.016129010091869632609
1744902726.4082710743 3.7043048014092292419 6.1498445347729511212 -0.010837590502849412527
1744902726.5083429813 3.5541888217663557548 6.1551834123885189598 -0.0075400644718899923272
1744902726.6083920002 3.4129874728365279246 6.1553223327218731242 0.0015176409595227475027
1744902726.7084269524 3.2700689647257763504 6.1543934801697597337 0.010586474323132278111
1744902726.8084390163 3.1423241640639649752 6.1540068639904648151 0.015469299027354062315
1744902726.9084150791 3.0101485917789916336 6.1455994852169206766 0.011402756749837358874
1744902727.0084090233 2.8736735176261456459 6.1464620316139155776 0.0080158667282627747014
1744902727.108371973 2.7434000321494531605 6.1566998917258004553 0.0048082915607225292995
1744902727.2083959579 2.6333598513451272893 6.1658749192085160473 0.013689909331887658087
1744902727.3083930016 2.5020095790563923188 6.1675359291527778183 0.013276703774635890964
1744902727.4083719254 2.356690951990056071 6.1696642816823050737 0.0068751073768137174747
1744902727.5085890293 2.2199255150772172485 6.1698049947543340821 0.0010385810364227370146
1744902727.6083741188 2.0858594028647723384 6.1698281060349060567 -0.0062152091152660720458
1744902727.7083599567 1.9655508924834925732 6.1729985768222555009 -0.0018715676197099098861
1744902727.8083610535 1.8461639036265320435 6.1804284091465282458 0.010057421365030051741
1744902727.9083340168 1.7365728332506926712 6.1880454445964669929 0.019465308776340783936
1744902728.0082120895 1.61584957963588427 6.1868879966702117201 0.025150934947857986335
1744902728.1080050468 1.4978216106610764413 6.1865376256224360318 0.034097664489732448789
1744902728.2077600956 1.3755101171842198937 6.1815229330331984414 0.037748861642575994024
1744902728.3074159622 1.2592151517498457736 6.1770770303231419263 0.049622110403556927982
1744902728.4073660374 1.1449211363903737393 6.1666850020249013298 0.065574198897792632112
1744902728.5076749325 1.0260549763929336375 6.1459827941639080251 0.077056284932386712172
1744902728.6083159447 0.90466477645879883607 6.1170836005316475692 0.081467703600410820708
1744902728.7088990211 0.78091297749665322669 6.0749582297214779203 0.089738052602297363469
1744902728.8089931011 0.66178123335265726102 6.02434028964716628 0.099798053858925317439
1744902728.9086709023 0.54240002567352474383 5.9663792696341868549 0.1137442452055818648
1744902729.0080680847 0.42434487526140862723 5.9149660373636692157 0.12287903063808455761
1744902729.1074829102 0.3132483589589962758 5.8620478326166720606 0.13229350296870159842
1744902729.2067329884 0.2149221415510980393 5.8065762837505197069 0.13190857803711975027
1744902729.3063750267 0.12494191683941167914 5.7508280840110286292 0.12459189648484730872
1744902729.4064071178 0.048837953497096284194 5.6842007440302015908 0.11972207717744852429
1744902729.5067660809 -0.010429129638446723097 5.6087745381580980109 0.110657806523133867
1744902729.6072089672 -0.063639652530463136637 5.5275836918282861276 0.097252988174034951663
1744902729.7075049877 -0.10320549331023844142 5.4427191160501067202 0.086552779873684190792
1744902729.8077630997 -0.13702793227220252947 5.3534117324878964794 0.076207728645202851836
1744902729.9079470634 -0.16754146362400257342 5.2541718901428291488 0.059229390388288422065
1744902730.0081698895 -0.19028641839452503648 5.1581458872541441352 0.048758568876819396998
1744902730.1085410118 -0.19348736638940264299 5.0559650726428593259 0.029254913349788257831
1744902730.2091810703 -0.18715566760075744157 4.9433219271919837112 0.022369765544548426972
1744902730.3097889423 -0.17060112001438626494 4.8203661207624097784 0.020933500475872234697
1744902730.4095098972 -0.15469210181630579926 4.7053631103108051192 0.022708721704064259439
1744902730.5081601143 -0.13783302243813491672 4.5860537112216990252 0.026195756740921498362
1744902730.6067650318 -0.12486662906203277457 4.4783817481566545737 0.036934224739725192432
1744902730.7057850361 -0.11310794990034692131 4.3716106598869606259 0.043363984054069409924
1744902730.8050470352 -0.10805787798781024689 4.2632117802353830527 0.050874275309121606836
1744902730.9047489166 -0.098509295958027098816 4.1487455120984737533 0.047956611253866188171
1744902731.0048730373 -0.082158106270394090642 4.017719540173931847 0.038867209167893240762
1744902731.1051340103 -0.066343401349955463675 3.8947520409141285214 0.032648204069240009673
1744902731.2052769661 -0.053412404688112542772 3.7716819340823986018 0.026785126748510398875
1744902731.3055860996 -0.036900768974351551288 3.6594880497458528446 0.026406370293792738591
1744902731.4062020779 -0.037327644172807525336 3.5488907209688576039 0.022264889796819599399
1744902731.5065090656 -0.038779217906384347292 3.4405407860815606647 0.020960380688599788979
1744902731.6064319611 -0.042929531448432436957 3.3282600230965266874 0.017299268739817460355
1744902731.7063720226 -0.04713891929667453351 3.2092570540308047455 0.0097742072104751945988
1744902731.8064789772 -0.053457789063244123828 3.0751964337235313529 -0.0011085676962314658985
1744902731.906719923 -0.061454645941356092487 2.9452419398469351641 -0.009737629665725461986
1744902732.006953001 -0.064747083707200864255 2.8165177057800572236 -0.011086320850692532244
1744902732.107156992 -0.065306373840919931806 2.6998469115948453556 -0.019105393909649832918
1744902732.2073140144 -0.061702837471552654525 2.589325744847100097 -0.030470691075912128415
1744902732.3074259758 -0.062169882860157267557 2.4752114835887155664 -0.040975642364243676508
1744902732.4075419903 -0.058126672837889699352 2.3642473925786862132 -0.053821580225237745931
1744902732.5077250004 -0.054972311732329061373 2.2491824397068631569 -0.053874062936457120521
1744902732.6078999043 -0.048593528506253813593 2.1302622871073317867 -0.054175093982507874224
1744902732.7080690861 -0.04449581699958343739 2.0214517304242947127 -0.045701414283122472615
1744902732.8081390858 -0.040921680077494908268 1.9109279350085153215 -0.050914714706393818244
1744902732.9081521034 -0.033356067107601070076 1.8043721460208332896 -0.055520358323215140972
1744902733.0081570148 -0.024992791265430646525 1.6996274707484086974 -0.062247799269224315943
1744902733.1081290245 -0.022424933088866672026 1.5953886922384690195 -0.071778206266733091123
1744902733.208122015 -0.017643827311123828905 1.4941874195379443169 -0.072482246174085870893
1744902733.3080708981 -0.016507598300428111271 1.3981494405468430919 -0.068097050992766972044
1744902733.4080610275 -0.015740082367203932917 1.3067594231056942622 -0.064969941533706027093
1744902733.5080809593 -0.012442528971592431083 1.2335762372942769005 -0.063500181236380376371
1744902733.6081199646 -0.011702890204615288769 1.1663949900854377884 -0.060546127874792937673
1744902733.7081270218 -0.012165191919135275381 1.1043286296325609541 -0.052844227744050058238
1744902733.8081429005 -0.0055658941809421163746 1.0293410961534765757 -0.055522635481805603097
1744902733.9081130028 -0.00022290792280174164929 0.94065396257201527863 -0.063363823180634465393
1744902734.0081589222 0.0034046822758332017864 0.83789804721627625383 -0.07206480435406524554
1744902734.1081800461 0.0086502735129133576097 0.74568034841916586153 -0.077397995814450074037
1744902734.2081429958 0.012448093860957576418 0.65812874429811163424 -0.082896418033915938994
1744902734.3081068993 0.014784101107674413669 0.5778412152802036017 -0.086804345864767193386
1744902734.4080920219 0.016755241855868661244 0.4989655984039826353 -0.087029507911314266111
1744902734.5080668926 0.018558636121710131439 0.42037470765354856272 -0.082924247215900137586
1744902734.6080570221 0.025465447152102634737 0.34377127973721799403 -0.086912339314014208647
1744902734.7080841064 0.027830598182280313901 0.27600179833832227949 -0.084338713738903309247
1744902734.808093071 0.032307204779416669183 0.21277534586793844795 -0.091229582638009648621
1744902734.9081029892 0.035466774256006076971 0.16896771310962777068 -0.090689454553944767734
1744902735.0080990791 0.03680131990584624424 0.14828152090986013167 -0.089587250317311323267
1744902735.1081190109 0.036680480940411930302 0.15051197550259617919 -0.088196301012053210377
1744902735.208137989 0.038891970695721589379 0.16677190034232580729 -0.089540211051869253445
1744902735.3081450462 0.035676809823559668677 0.17417094543683758756 -0.088055306689419132748
1744902735.4081230164 0.035728364858161471007 0.1784148235579463837 -0.084684929885570164876
1744902735.5081839561 0.035863916720860838927 0.18234444480315775694 -0.082943611991427065866
1744902735.6080930233 0.03586464198069731768 0.182575957802224631 -0.083430588848852474393
1744902735.7080628872 0.037445404668255216629 0.18155264697631740001 -0.086729093210441754458
1744902735.8080480099 0.038657023873514315127 0.18077451520243226213 -0.08908596139631583255
1744902735.9080588818 0.037023607540991043674 0.1759916186924036785 -0.090155199240102026903
1744902736.0080161095 0.03869320534352280877 0.17334082916480633707 -0.094882586500060081547
1744902736.1080040932 0.037482338641679338598 0.16820372692190968533 -0.096348263120741628462
1744902736.2080249786 0.036106215264487366567 0.16401896894564771401 -0.096266934903162709736
1744902736.3080260754 0.03665093102271823472 0.1609861563347066149 -0.097734724526640268105
1744902736.4080700874 0.038161225984525204424 0.16272998170713995347 -0.099739386563798285157
1744902736.508138895 0.039280021257514723121 0.16161533539907479984 -0.10403320840621547994
1744902736.6081039906 0.040029708806126253207 0.16297503310883618144 -0.11047780013458777248
1744902736.7081179619 0.038348481024761092717 0.16392290739565792967 -0.11008543182712292319
1744902736.8080949783 0.038796704658659461606 0.16575758887745670189 -0.11292185862026293819
1744902736.9081110954 0.03879156056706048461 0.1682315467198736425 -0.11227932644360257008
1744902737.0080699921 0.037788090339952805363 0.16901034331180422865 -0.106680338294234206
1744902737.1080360413 0.035459361893019611389 0.16666632388205185333 -0.10795217797493575351
1744902737.2080729008 0.037265258505503037756 0.16138577265848144671 -0.1093638888381378016
1744902737.3081920147 0.034064744738043599426 0.15682195617543179256 -0.11344532937510780346
1744902737.407959938 0.042755315659556612784 0.17141995426668851787 -0.1108780962787600799
1744902737.5078530312 0.045236005055327599411 0.16986579806612600585 -0.11247739933461178841
1744902737.6077780724 0.044896156277601170781 0.16657045403397535699 -0.11188185944517227421
1744902737.7077670097 0.045010308000897551739 0.16070075754881779639 -0.11283052006797986144
1744902737.8077580929 0.043036138009235579138 0.15927387326813247093 -0.11257819395785791106
1744902737.9077849388 0.039753497426106267076 0.15569414513913540365 -0.11389289838481508887
1744902738.00781703 0.040248258278107539032 0.15086591346248467982 -0.11169573693661441482
1744902738.1078948975 0.042905562637457296538 0.15014513049448632853 -0.10999324328843138043
